1111111111110010000000000010000000000001
0000000000000000000000001110001000000001
1111111111110010000000010010000000000001
0000000000001000000000001110001000000001
1111111111110010000000100010000000000001
0000000000010000000000001110001000000001
1111111111110010000000110010000000000001
0000000000011000000000001110001000000001
1111111111110010000001000010000000000001
0000000000100000000000001110001000000001
0000000000000000000000000000000000000001
0000000000101000000000001110100000000001
0000000000000000000000000000000000000001
0000000000110000000000001110100000000001
1111111111110010000001010010000000000001
0000000000111000000000001110001000000001
1111111111110010000001100010000000000001
0000000001000000000000001110001000000001
0000000000111001000010000010000000000001
0000000001010000000000001110001000000001
1111111111101001000010000010000000000001
0000000010101000000000001110001000000001
0000000001001001000010000010000000000001
0000000001010001000010000010001001001001
1111111111110001000010000010000000100110
0000000010101000000000001110001000000001
0000000001101001000010000010000000000001
1111111111110010100111110010001001001001
0000000001001001000010000010000000000001
0000000010001001000010000010000000100101
0000000010010000000000001110001000000001
0000000001111001000010000010000000000001
1111111111110010100111110010001001001001
0000000001001001000010000010000000000001
0000000010011001000010000010000000100101
0000000010100000000000001110001000000001
0000000010110001000010000010000000000001
0000000000000000000000000000000000000001
0000000011000000000000001111000000000001
0000000011000001000010000010000000000001
1111111111110010100111110010001001001001
0000000010101001000010000010000000000001
1111111111101001000010000010000000100101
0000000010101000000000001110001000000001
0000000001001001000010000010000000000001
0000000001010000000000001110001000100101
0000000010010010000001110010000000000001
0000000011001000000000001110001000000001
0000000011001000000000001100000000000001
0000000000101001000010000010000000000001
0000000011110000000000001110001000000001
0000000101001010000010110010000100000001
0000000101000010000011000010001100000001
0000000100000010000010110011010100000001
0000000011111010000011000010001100000001
0000000011110010000010000010001100000001
0000000011101010000010010010001100000001
0000000011100010000010100010001100000001
0000000000000000000000000000000000000001
0000000100001000000000001110001000000001
0000000101010000000000001111001000000001
0000000010100010000001110010000000000001
0000000011010000000000001110001000000001
0000000011010000000000001100000000000001
0000000000101001000010000010000000000001
0000000100100000000000001110001000000001
0000000101100010000010110010000100000001
0000000101011010000011000010001100000001
0000000100110010000010110011010100000001
0000000100101010000011000010001100000001
0000000100100010000010000010001100000001
0000000100011010000010010010001100000001
0000000100010010000010100010001100000001
0000000000000000000000000000000000000001
0000000100111000000000001110001000000001
0000000101101000000000001111001000000001
0000000001011001000010000010000000000001
0000000001101001000010000010001001000001
0000000010111000000000001110001000000001
0000000001101001000010000010000000000001
0000000010111010100111100010001000000001
0000000001110000000000001110001000000001
1111111111110001000010000010000000000001
0000000001110001000010000010001001000001
0000000010000000000000001110001000000001
0000000001110000000000001100000000000001
0000000100001111111111110010000000000001
0000000010000000000000001100000000000001
0000000100111111111111110010001000000001
0000000011011000000000001110001000000001
0000000001011001000010000010000000000001
0000000010101001000010000010001001000001
0000000000000000000000000000000000000001
0000000001100000000000001111000000000001
0000000001000001000010000010000000000001
1111111011010000000000000000001000000001
1111111111110010101000000010000000000001
0000000101111001000010000010001001000001
0000000110011000000000001110001000000001
0000000110001001000010000010000000000001
0000000101111001000010000011010000000001
0000000110011010101000010010001000000001
0000000110000000000000001110001000000001
0000000110000000000000001100000000000001
0000000110010000000000001111001000000001
0000000000110111111111110010000000000001
0000000101110000000000001110001000000001
0000000000100001000010000010000000000001
0000000110101000000000001110001000000001
1111111111101001000010000010000000000001
0000001000000000000000001110001000000001
0000000110100001000010000010000000000001
0000000110101001000010000010001001001001
1111111111110001000010000010000000100110
0000001000000000000000001110001000000001
0000000111000001000010000010000000000001
1111111111110011001110100010001001001001
0000000110100001000010000010000000000001
0000000111100001000010000010000000100101
0000000111101000000000001110001000000001
0000000111010001000010000010000000000001
1111111111110011001110100010001001001001
0000000110100001000010000010000000000001
0000000111110001000010000010000000100101
0000000111111000000000001110001000000001
0000001000001001000010000010000000000001
0000000000000000000000000000000000000001
0000000011000000000000001111000000000001
0000000011000001000010000010000000000001
1111111111110011001110100010001001001001
0000001000000001000010000010000000000001
1111111111101001000010000010000000100101
0000001000000000000000001110001000000001
0000000110100001000010000010000000000001
0000000110101000000000001110001000100101
0000000111101010101000100010000000000001
0000001000011000000000001110001000000001
0000001000011000000000001100000000000001
0000000101110001000010000010000000000001
0000001001000000000000001110001000000001
0000001010011010101001100010000100000001
0000001010010010101001110010001100000001
0000001001010010101001100011010100000001
0000001001001010101001110010001100000001
0000001001000010101000110010001100000001
0000001000111010101001000010001100000001
0000001000110010101001010010001100000001
0000000000000000000000000000000000000001
0000001001011000000000001110001000000001
0000001010100000000000001111001000000001
0000000111111010101000100010000000000001
0000001000100000000000001110001000000001
0000001000100000000000001100000000000001
0000000101110001000010000010000000000001
0000001001110000000000001110001000000001
0000001010110010101001100010000100000001
0000001010101010101001110010001100000001
0000001010000010101001100011010100000001
0000001001111010101001110010001100000001
0000001001110010101000110010001100000001
0000001001101010101001000010001100000001
0000001001100010101001010010001100000001
0000000000000000000000000000000000000001
0000001010001000000000001110001000000001
0000001010111000000000001111001000000001
0000000110110001000010000010000000000001
0000000111000001000010000010001001000001
0000001000010000000000001110001000000001
0000000111000001000010000010000000000001
0000001000010011001110010010001000000001
0000000111001000000000001110001000000001
1111111111110001000010000010000000000001
0000000111001001000010000010001001000001
0000000111011000000000001110001000000001
0000000111001000000000001100000000000001
0000001001011111111111110010000000000001
0000000111011000000000001100000000000001
0000001010001111111111110010001000000001
0000001000101000000000001110001000000001
0000000110110001000010000010000000000001
0000001000000001000010000010001001000001
0000000000000000000000000000000000000001
0000000110111000000000001111000000000001
0000000011011001000010000010000000000001
1111111100110000000000000000001000000001
0000000000011001000010000010000000000001
0000001011001000000000001110001000000001
1111111111101001000010000010000000000001
0000001100100000000000001110001000000001
0000001011000001000010000010000000000001
0000001011001001000010000010001001001001
1111111111110001000010000010000000100110
0000001100100000000000001110001000000001
0000001011100001000010000010000000000001
1111111111110011110100110010001001001001
0000001011000001000010000010000000000001
0000001100000001000010000010000000100101
0000001100001000000000001110001000000001
0000001011110001000010000010000000000001
1111111111110011110100110010001001001001
0000001011000001000010000010000000000001
0000001100010001000010000010000000100101
0000001100011000000000001110001000000001
0000001100101001000010000010000000000001
0000000000000000000000000000000000000001
0000000011000000000000001111000000000001
0000000011000001000010000010000000000001
1111111111110011110100110010001001001001
0000001100100001000010000010000000000001
1111111111101001000010000010000000100101
0000001100100000000000001110001000000001
0000001011000001000010000010000000000001
0000001011001000000000001110001000100101
0000001100001011001110110010000000000001
0000001100111000000000001110001000000001
0000001100111000000000001100000000000001
0000001000101001000010000010000000000001
0000001101100000000000001110001000000001
0000001110111011001111110010000100000001
0000001110110011010000000010001100000001
0000001101110011001111110011010100000001
0000001101101011010000000010001100000001
0000001101100011001111000010001100000001
0000001101011011001111010010001100000001
0000001101010011001111100010001100000001
0000000000000000000000000000000000000001
0000001101111000000000001110001000000001
0000001111000000000000001111001000000001
0000001100011011001110110010000000000001
0000001101000000000000001110001000000001
0000001101000000000000001100000000000001
0000001000101001000010000010000000000001
0000001110010000000000001110001000000001
0000001111010011001111110010000100000001
0000001111001011010000000010001100000001
0000001110100011001111110011010100000001
0000001110011011010000000010001100000001
0000001110010011001111000010001100000001
0000001110001011001111010010001100000001
0000001110000011001111100010001100000001
0000000000000000000000000000000000000001
0000001110101000000000001110001000000001
0000001111011000000000001111001000000001
0000001011010001000010000010000000000001
0000001011100001000010000010001001000001
0000001100110000000000001110001000000001
0000001011100001000010000010000000000001
0000001100110011110100100010001000000001
0000001011101000000000001110001000000001
1111111111110001000010000010000000000001
0000001011101001000010000010001001000001
0000001011111000000000001110001000000001
0000001011101000000000001100000000000001
0000001101111111111111110010000000000001
0000001011111000000000001100000000000001
0000001110101111111111110010001000000001
0000001101001000000000001110001000000001
0000001011010001000010000010000000000001
0000001100100001000010000010001001000001
0000000000000000000000000000000000000001
0000001011011000000000001111000000000001
0000000000010001000010000010000000000001
0000001111101000000000001110001000000001
1111111111101001000010000010000000000001
0000010001000000000000001110001000000001
0000001111100001000010000010000000000001
0000001111101001000010000010001001001001
1111111111110001000010000010000000100110
0000010001000000000000001110001000000001
0000010000000001000010000010000000000001
1111111111110100011011000010001001001001
0000001111100001000010000010000000000001
0000010000100001000010000010000000100101
0000010000101000000000001110001000000001
0000010000010001000010000010000000000001
1111111111110100011011000010001001001001
0000001111100001000010000010000000000001
0000010000110001000010000010000000100101
0000010000111000000000001110001000000001
0000010001001001000010000010000000000001
0000000000000000000000000000000000000001
0000000011000000000000001111000000000001
0000000011000001000010000010000000000001
1111111111110100011011000010001001001001
0000010001000001000010000010000000000001
1111111111101001000010000010000000100101
0000010001000000000000001110001000000001
0000001111100001000010000010000000000001
0000001111101000000000001110001000100101
0000010000101011110101000010000000000001
0000010001011000000000001110001000000001
0000010001011000000000001100000000000001
0000001101001001000010000010000000000001
0000010010000000000000001110001000000001
0000010011011011110110000010000100000001
0000010011010011110110010010001100000001
0000010010010011110110000011010100000001
0000010010001011110110010010001100000001
0000010010000011110101010010001100000001
0000010001111011110101100010001100000001
0000010001110011110101110010001100000001
0000000000000000000000000000000000000001
0000010010011000000000001110001000000001
0000010011100000000000001111001000000001
0000010000111011110101000010000000000001
0000010001100000000000001110001000000001
0000010001100000000000001100000000000001
0000001101001001000010000010000000000001
0000010010110000000000001110001000000001
0000010011110011110110000010000100000001
0000010011101011110110010010001100000001
0000010011000011110110000011010100000001
0000010010111011110110010010001100000001
0000010010110011110101010010001100000001
0000010010101011110101100010001100000001
0000010010100011110101110010001100000001
0000000000000000000000000000000000000001
0000010011001000000000001110001000000001
0000010011111000000000001111001000000001
0000001111110001000010000010000000000001
0000010000000001000010000010001001000001
0000010001010000000000001110001000000001
0000010000000001000010000010000000000001
0000010001010100011010110010001000000001
0000010000001000000000001110001000000001
1111111111110001000010000010000000000001
0000010000001001000010000010001001000001
0000010000011000000000001110001000000001
0000010000001000000000001100000000000001
0000010010011111111111110010000000000001
0000010000011000000000001100000000000001
0000010011001111111111110010001000000001
0000010001101000000000001110001000000001
0000001111110001000010000010000000000001
0000010001000001000010000010001001000001
0000000000000000000000000000000000000001
0000001111111000000000001111000000000001
0000000000001001000010000010000000000001
0000010100001000000000001110001000000001
1111111111101001000010000010000000000001
0000010101100000000000001110001000000001
0000010100000001000010000010000000000001
0000010100001001000010000010001001001001
1111111111110001000010000010000000100110
0000010101100000000000001110001000000001
0000010100100001000010000010000000000001
1111111111110101000001010010001001001001
0000010100000001000010000010000000000001
0000010101000001000010000010000000100101
0000010101001000000000001110001000000001
0000010100110001000010000010000000000001
1111111111110101000001010010001001001001
0000010100000001000010000010000000000001
0000010101010001000010000010000000100101
0000010101011000000000001110001000000001
0000010101101001000010000010000000000001
0000000000000000000000000000000000000001
0000000011000000000000001111000000000001
0000000011000001000010000010000000000001
1111111111110101000001010010001001001001
0000010101100001000010000010000000000001
1111111111101001000010000010000000100101
0000010101100000000000001110001000000001
0000010100000001000010000010000000000001
0000010100001000000000001110001000100101
0000010101001100011011010010000000000001
0000010101111000000000001110001000000001
0000010101111000000000001100000000000001
0000010001101001000010000010000000000001
0000010110100000000000001110001000000001
0000010111111100011100010010000100000001
0000010111110100011100100010001100000001
0000010110110100011100010011010100000001
0000010110101100011100100010001100000001
0000010110100100011011100010001100000001
0000010110011100011011110010001100000001
0000010110010100011100000010001100000001
0000000000000000000000000000000000000001
0000010110111000000000001110001000000001
0000011000000000000000001111001000000001
0000010101011100011011010010000000000001
0000010110000000000000001110001000000001
0000010110000000000000001100000000000001
0000010001101001000010000010000000000001
0000010111010000000000001110001000000001
0000011000010100011100010010000100000001
0000011000001100011100100010001100000001
0000010111100100011100010011010100000001
0000010111011100011100100010001100000001
0000010111010100011011100010001100000001
0000010111001100011011110010001100000001
0000010111000100011100000010001100000001
0000000000000000000000000000000000000001
0000010111101000000000001110001000000001
0000011000011000000000001111001000000001
0000010100010001000010000010000000000001
0000010100100001000010000010001001000001
0000010101110000000000001110001000000001
0000010100100001000010000010000000000001
0000010101110101000001000010001000000001
0000010100101000000000001110001000000001
1111111111110001000010000010000000000001
0000010100101001000010000010001001000001
0000010100111000000000001110001000000001
0000010100101000000000001100000000000001
0000010110111111111111110010000000000001
0000010100111000000000001100000000000001
0000010111101111111111110010001000000001
0000010110001000000000001110001000000001
0000010100010001000010000010000000000001
0000010101100001000010000010001001000001
0000000000000000000000000000000000000001
0000010100011000000000001111000000000001
0000000000000001000010000010000000000001
0000011000101000000000001110001000000001
1111111111101001000010000010000000000001
0000011010000000000000001110001000000001
0000011000100001000010000010000000000001
0000011000101001000010000010001001001001
1111111111110001000010000010000000100110
0000011010000000000000001110001000000001
0000011001000001000010000010000000000001
1111111111110101100111100010001001001001
0000011000100001000010000010000000000001
0000011001100001000010000010000000100101
0000011001101000000000001110001000000001
0000011001010001000010000010000000000001
1111111111110101100111100010001001001001
0000011000100001000010000010000000000001
0000011001110001000010000010000000100101
0000011001111000000000001110001000000001
0000011010001001000010000010000000000001
0000000000000000000000000000000000000001
0000000011000000000000001111000000000001
0000000011000001000010000010000000000001
1111111111110101100111100010001001001001
0000011010000001000010000010000000000001
1111111111101001000010000010000000100101
0000011010000000000000001110001000000001
0000011000100001000010000010000000000001
0000011000101000000000001110001000100101
0000011001101101000001100010000000000001
0000011010011000000000001110001000000001
0000011010011000000000001100000000000001
0000010110001001000010000010000000000001
0000011011000000000000001110001000000001
0000011100011101000010100010000100000001
0000011100010101000010110010001100000001
0000011011010101000010100011010100000001
0000011011001101000010110010001100000001
0000011011000101000001110010001100000001
0000011010111101000010000010001100000001
0000011010110101000010010010001100000001
0000000000000000000000000000000000000001
0000011011011000000000001110001000000001
0000011100100000000000001111001000000001
0000011001111101000001100010000000000001
0000011010100000000000001110001000000001
0000011010100000000000001100000000000001
0000010110001001000010000010000000000001
0000011011110000000000001110001000000001
0000011100110101000010100010000100000001
0000011100101101000010110010001100000001
0000011100000101000010100011010100000001
0000011011111101000010110010001100000001
0000011011110101000001110010001100000001
0000011011101101000010000010001100000001
0000011011100101000010010010001100000001
0000000000000000000000000000000000000001
0000011100001000000000001110001000000001
0000011100111000000000001111001000000001
0000011000110001000010000010000000000001
0000011001000001000010000010001001000001
0000011010010000000000001110001000000001
0000011001000001000010000010000000000001
0000011010010101100111010010001000000001
0000011001001000000000001110001000000001
1111111111110001000010000010000000000001
0000011001001001000010000010001001000001
0000011001011000000000001110001000000001
0000011001001000000000001100000000000001
0000011011011111111111110010000000000001
0000011001011000000000001100000000000001
0000011100001111111111110010001000000001
0000011010101000000000001110001000000001
0000011000110001000010000010000000000001
0000011010000001000010000010001001000001
0000000000000000000000000000000000000001
0000011000111000000000001111000000000001
0000011010101001000010000010000000000001
1111111100101000000000000000001000000001
0000000000000000000000000000000000000001
0000000000000000000000000000000000000001
0000000000000000000000000000000000000001
0000000000000000000000000000000000000001
0000000000000000000000000000000000000001
0000000000000000000000000000000000000001
0000000000000000000000000000000000000001
0000000000000000000000000000000000000001
0000000000000000000000000000000000000001
0000000000000000000000000000000000000001
0000000000000000000000000000000000000001
0000000000000000000000000000000000000001
0000000000000000000000000000000000000001
0000000000000000000000000000000000000001
0000000000000000000000000000000000000001
0000000000000000000000000000000000000001
0000000000000000000000000000000000000001
0000000000000000000000000000000000000001
0000000000000000000000000000000000000001
0000000000000000000000000000000000000001
0000000000000000000000000000000000000001
0000000000000000000000000000000000000001
0000000000000000000000000000000000000001
0000000000000000000000000000000000000001
0000000000000000000000000000000000000001
0000000000000000000000000000000000000001
0000000000000000000000000000000000000001
0000000000000000000000000000000000000001
0000000000000000000000000000000000000001
0000000000000000000000000000000000000001
0000000000000000000000000000000000000001
0000000000000000000000000000000000000001
0000000000000000000000000000000000000001
0000000000000000000000000000000000000001
0000000000000000000000000000000000000001
0000000000000000000000000000000000000001
0000000000000000000000000000000000000001
0000000000000000000000000000000000000001
0000000000000000000000000000000000000001
0000000000000000000000000000000000000001
0000000000000000000000000000000000000001
0000000000000000000000000000000000000001
0000000000000000000000000000000000000001
0000000000000000000000000000000000000001
0000000000000000000000000000000000000001
0000000000000000000000000000000000000001
0000000000000000000000000000000000000001
0000000000000000000000000000000000000001
0000000000000000000000000000000000000001
0000000000000000000000000000000000000001
0000000000000000000000000000000000000001
0000000000000000000000000000000000000001
0000000000000000000000000000000000000001
0000000000000000000000000000000000000001
0000000000000000000000000000000000000001
0000000000000000000000000000000000000001
0000000000000000000000000000000000000001
0000000000000000000000000000000000000001
0000000000000000000000000000000000000001
0000000000000000000000000000000000000001
0000000000000000000000000000000000000001
0000000000000000000000000000000000000001
0000000000000000000000000000000000000001
0000000000000000000000000000000000000001
0000000000000000000000000000000000000001
0000000000000000000000000000000000000001
0000000000000000000000000000000000000001
0000000000000000000000000000000000000001
0000000000000000000000000000000000000001
0000000000000000000000000000000000000001
0000000000000000000000000000000000000001
0000000000000000000000000000000000000001
0000000000000000000000000000000000000001
0000000000000000000000000000000000000001
0000000000000000000000000000000000000001
0000000000000000000000000000000000000001
0000000000000000000000000000000000000001
0000000000000000000000000000000000000001
0000000000000000000000000000000000000001
0000000000000000000000000000000000000001
0000000000000000000000000000000000000001
0000000000000000000000000000000000000001
0000000000000000000000000000000000000001
0000000000000000000000000000000000000001
0000000000000000000000000000000000000001
0000000000000000000000000000000000000001
0000000000000000000000000000000000000001
0000000000000000000000000000000000000001
0000000000000000000000000000000000000001
0000000000000000000000000000000000000001
0000000000000000000000000000000000000001
0000000000000000000000000000000000000001
0000000000000000000000000000000000000001
0000000000000000000000000000000000000001
0000000000000000000000000000000000000001
0000000000000000000000000000000000000001
0000000000000000000000000000000000000001
0000000000000000000000000000000000000001
0000000000000000000000000000000000000001
0000000000000000000000000000000000000001
0000000000000000000000000000000000000001
0000000000000000000000000000000000000001
0000000000000000000000000000000000000001
0000000000000000000000000000000000000001
0000000000000000000000000000000000000001
0000000000000000000000000000000000000001
0000000000000000000000000000000000000001
0000000000000000000000000000000000000001
0000000000000000000000000000000000000001
0000000000000000000000000000000000000001
0000000000000000000000000000000000000001
0000000000000000000000000000000000000001
0000000000000000000000000000000000000001
0000000000000000000000000000000000000001
0000000000000000000000000000000000000001
0000000000000000000000000000000000000001
0000000000000000000000000000000000000001
0000000000000000000000000000000000000001
0000000000000000000000000000000000000001
0000000000000000000000000000000000000001
0000000000000000000000000000000000000001
0000000000000000000000000000000000000001
0000000000000000000000000000000000000001
0000000000000000000000000000000000000001
0000000000000000000000000000000000000001
0000000000000000000000000000000000000001
0000000000000000000000000000000000000001
0000000000000000000000000000000000000001
0000000000000000000000000000000000000001
0000000000000000000000000000000000000001
0000000000000000000000000000000000000001
0000000000000000000000000000000000000001
0000000000000000000000000000000000000001
0000000000000000000000000000000000000001
0000000000000000000000000000000000000001
0000000000000000000000000000000000000001
0000000000000000000000000000000000000001
0000000000000000000000000000000000000001
0000000000000000000000000000000000000001
0000000000000000000000000000000000000001
0000000000000000000000000000000000000001
0000000000000000000000000000000000000001
0000000000000000000000000000000000000001
0000000000000000000000000000000000000001
0000000000000000000000000000000000000001
0000000000000000000000000000000000000001
0000000000000000000000000000000000000001
0000000000000000000000000000000000000001
0000000000000000000000000000000000000001
0000000000000000000000000000000000000001
0000000000000000000000000000000000000001
0000000000000000000000000000000000000001
0000000000000000000000000000000000000001
0000000000000000000000000000000000000001
0000000000000000000000000000000000000001
0000000000000000000000000000000000000001
0000000000000000000000000000000000000001
0000000000000000000000000000000000000001
0000000000000000000000000000000000000001
0000000000000000000000000000000000000001
0000000000000000000000000000000000000001
0000000000000000000000000000000000000001
0000000000000000000000000000000000000001
0000000000000000000000000000000000000001
0000000000000000000000000000000000000001
0000000000000000000000000000000000000001
0000000000000000000000000000000000000001
0000000000000000000000000000000000000001
0000000000000000000000000000000000000001
0000000000000000000000000000000000000001
0000000000000000000000000000000000000001
0000000000000000000000000000000000000001
0000000000000000000000000000000000000001
0000000000000000000000000000000000000001
0000000000000000000000000000000000000001
0000000000000000000000000000000000000001
0000000000000000000000000000000000000001
0000000000000000000000000000000000000001
0000000000000000000000000000000000000001
0000000000000000000000000000000000000001
0000000000000000000000000000000000000001
0000000000000000000000000000000000000001
0000000000000000000000000000000000000001
0000000000000000000000000000000000000001
0000000000000000000000000000000000000001
0000000000000000000000000000000000000001
0000000000000000000000000000000000000001
0000000000000000000000000000000000000001
0000000000000000000000000000000000000001
0000000000000000000000000000000000000001
0000000000000000000000000000000000000001
0000000000000000000000000000000000000001
0000000000000000000000000000000000000001
0000000000000000000000000000000000000001
0000000000000000000000000000000000000001
0000000000000000000000000000000000000001
0000000000000000000000000000000000000001
0000000000000000000000000000000000000001
0000000000000000000000000000000000000001
0000000000000000000000000000000000000001
0000000000000000000000000000000000000001
0000000000000000000000000000000000000001
0000000000000000000000000000000000000001
0000000000000000000000000000000000000001
0000000000000000000000000000000000000001
0000000000000000000000000000000000000001
0000000000000000000000000000000000000001
0000000000000000000000000000000000000001
0000000000000000000000000000000000000001
0000000000000000000000000000000000000001
0000000000000000000000000000000000000001
0000000000000000000000000000000000000001
0000000000000000000000000000000000000001
0000000000000000000000000000000000000001
0000000000000000000000000000000000000001
0000000000000000000000000000000000000001
0000000000000000000000000000000000000001
0000000000000000000000000000000000000001
0000000000000000000000000000000000000001
0000000000000000000000000000000000000001
0000000000000000000000000000000000000001
0000000000000000000000000000000000000001
0000000000000000000000000000000000000001
0000000000000000000000000000000000000001
0000000000000000000000000000000000000001
0000000000000000000000000000000000000001
0000000000000000000000000000000000000001
0000000000000000000000000000000000000001
0000000000000000000000000000000000000001
0000000000000000000000000000000000000001
0000000000000000000000000000000000000001
0000000000000000000000000000000000000001
0000000000000000000000000000000000000001
0000000000000000000000000000000000000001
0000000000000000000000000000000000000001
0000000000000000000000000000000000000001
0000000000000000000000000000000000000001
0000000000000000000000000000000000000001
0000000000000000000000000000000000000001
0000000000000000000000000000000000000001
0000000000000000000000000000000000000001
0000000000000000000000000000000000000001
0000000000000000000000000000000000000001
0000000000000000000000000000000000000001
0000000000000000000000000000000000000001
0000000000000000000000000000000000000001
0000000000000000000000000000000000000001
0000000000000000000000000000000000000001
0000000000000000000000000000000000000001
0000000000000000000000000000000000000001
0000000000000000000000000000000000000001
0000000000000000000000000000000000000001
0000000000000000000000000000000000000001
0000000000000000000000000000000000000001
0000000000000000000000000000000000000001
0000000000000000000000000000000000000001
0000000000000000000000000000000000000001
0000000000000000000000000000000000000001
0000000000000000000000000000000000000001
0000000000000000000000000000000000000001
0000000000000000000000000000000000000001
0000000000000000000000000000000000000001
0000000000000000000000000000000000000001
0000000000000000000000000000000000000001
0000000000000000000000000000000000000001
0000000000000000000000000000000000000001
0000000000000000000000000000000000000001
0000000000000000000000000000000000000001
0000000000000000000000000000000000000001
0000000000000000000000000000000000000001
0000000000000000000000000000000000000001
0000000000000000000000000000000000000001
0000000000000000000000000000000000000001
0000000000000000000000000000000000000001
0000000000000000000000000000000000000001
0000000000000000000000000000000000000001
0000000000000000000000000000000000000001
0000000000000000000000000000000000000001
0000000000000000000000000000000000000001
0000000000000000000000000000000000000001
0000000000000000000000000000000000000001
0000000000000000000000000000000000000001
0000000000000000000000000000000000000001
0000000000000000000000000000000000000001
0000000000000000000000000000000000000001
0000000000000000000000000000000000000001
0000000000000000000000000000000000000001
0000000000000000000000000000000000000001
0000000000000000000000000000000000000001
0000000000000000000000000000000000000001
0000000000000000000000000000000000000001
0000000000000000000000000000000000000001
0000000000000000000000000000000000000001
0000000000000000000000000000000000000001
0000000000000000000000000000000000000001
0000000000000000000000000000000000000001
0000000000000000000000000000000000000001
0000000000000000000000000000000000000001
0000000000000000000000000000000000000001
0000000000000000000000000000000000000001
0000000000000000000000000000000000000001
0000000000000000000000000000000000000001
0000000000000000000000000000000000000001
0000000000000000000000000000000000000001
0000000000000000000000000000000000000001
0000000000000000000000000000000000000001
0000000000000000000000000000000000000001
0000000000000000000000000000000000000001
0000000000000000000000000000000000000001
0000000000000000000000000000000000000001
0000000000000000000000000000000000000001
0000000000000000000000000000000000000001
0000000000000000000000000000000000000001
0000000000000000000000000000000000000001
0000000000000000000000000000000000000001
0000000000000000000000000000000000000001
0000000000000000000000000000000000000001
0000000000000000000000000000000000000001
0000000000000000000000000000000000000001
0000000000000000000000000000000000000001
0000000000000000000000000000000000000001
0000000000000000000000000000000000000001
0000000000000000000000000000000000000001
0000000000000000000000000000000000000001
0000000000000000000000000000000000000001
0000000000000000000000000000000000000001
0000000000000000000000000000000000000001
0000000000000000000000000000000000000001
0000000000000000000000000000000000000001
0000000000000000000000000000000000000001
0000000000000000000000000000000000000001
0000000000000000000000000000000000000001
0000000000000000000000000000000000000001
0000000000000000000000000000000000000001
0000000000000000000000000000000000000001
0000000000000000000000000000000000000001
0000000000000000000000000000000000000001
0000000000000000000000000000000000000001
0000000000000000000000000000000000000001
0000000000000000000000000000000000000001
0000000000000000000000000000000000000001
0000000000000000000000000000000000000001
0000000000000000000000000000000000000001
0000000000000000000000000000000000000001
0000000000000000000000000000000000000001
0000000000000000000000000000000000000001
0000000000000000000000000000000000000001
0000000000000000000000000000000000000001
0000000000000000000000000000000000000001
0000000000000000000000000000000000000001
0000000000000000000000000000000000000001
0000000000000000000000000000000000000001
0000000000000000000000000000000000000001
0000000000000000000000000000000000000001
0000000000000000000000000000000000000001
0000000000000000000000000000000000000001
0000000000000000000000000000000000000001
0000000000000000000000000000000000000001
0000000000000000000000000000000000000001
0000000000000000000000000000000000000001
0000000000000000000000000000000000000001
0000000000000000000000000000000000000001
0000000000000000000000000000000000000001
0000000000000000000000000000000000000001
0000000000000000000000000000000000000001
0000000000000000000000000000000000000001
0000000000000000000000000000000000000001
0000000000000000000000000000000000000001
0000000000000000000000000000000000000001
0000000000000000000000000000000000000001
0000000000000000000000000000000000000001
0000000000000000000000000000000000000001
0000000000000000000000000000000000000001
0000000000000000000000000000000000000001
0000000000000000000000000000000000000001
0000000000000000000000000000000000000001
0000000000000000000000000000000000000001
0000000000000000000000000000000000000001
0000000000000000000000000000000000000001
0000000000000000000000000000000000000001
0000000000000000000000000000000000000001
0000000000000000000000000000000000000001
0000000000000000000000000000000000000001
0000000000000000000000000000000000000001
0000000000000000000000000000000000000001
0000000000000000000000000000000000000001
0000000000000000000000000000000000000001
0000000000000000000000000000000000000001
0000000000000000000000000000000000000001
0000000000000000000000000000000000000001
0000000000000000000000000000000000000001
0000000000000000000000000000000000000001
0000000000000000000000000000000000000001
0000000000000000000000000000000000000001
0000000000000000000000000000000000000001
0000000000000000000000000000000000000001
0000000000000000000000000000000000000001
0000000000000000000000000000000000000001
0000000000000000000000000000000000000001
0000000000000000000000000000000000000001
0000000000000000000000000000000000000001
0000000000000000000000000000000000000001
0000000000000000000000000000000000000001
0000000000000000000000000000000000000001
0000000000000000000000000000000000000001
0000000000000000000000000000000000000001
0000000000000000000000000000000000000001
0000000000000000000000000000000000000001
0000000000000000000000000000000000000001
0000000000000000000000000000000000000001
0000000000000000000000000000000000000001
0000000000000000000000000000000000000001
0000000000000000000000000000000000000001
0000000000000000000000000000000000000001
0000000000000000000000000000000000000001
0000000000000000000000000000000000000001
0000000000000000000000000000000000000001
0000000000000000000000000000000000000001
0000000000000000000000000000000000000001
0000000000000000000000000000000000000001
0000000000000000000000000000000000000001
0000000000000000000000000000000000000001
0000000000000000000000000000000000000001
0000000000000000000000000000000000000001
0000000000000000000000000000000000000001
0000000000000000000000000000000000000001
0000000000000000000000000000000000000001
0000000000000000000000000000000000000001
0000000000000000000000000000000000000001
0000000000000000000000000000000000000001
0000000000000000000000000000000000000001
0000000000000000000000000000000000000001
0000000000000000000000000000000000000001
0000000000000000000000000000000000000001
0000000000000000000000000000000000000001
0000000000000000000000000000000000000001
0000000000000000000000000000000000000001
0000000000000000000000000000000000000001
0000000000000000000000000000000000000001
0000000000000000000000000000000000000001
0000000000000000000000000000000000000001
0000000000000000000000000000000000000001
0000000000000000000000000000000000000001
0000000000000000000000000000000000000001
0000000000000000000000000000000000000001
0000000000000000000000000000000000000001
0000000000000000000000000000000000000001
0000000000000000000000000000000000000001
0000000000000000000000000000000000000001
0000000000000000000000000000000000000001
0000000000000000000000000000000000000001
0000000000000000000000000000000000000001
0000000000000000000000000000000000000001
0000000000000000000000000000000000000001
0000000000000000000000000000000000000001
0000000000000000000000000000000000000001
0000000000000000000000000000000000000001
0000000000000000000000000000000000000001
0000000000000000000000000000000000000001
0000000000000000000000000000000000000001
0000000000000000000000000000000000000001
0000000000000000000000000000000000000001
0000000000000000000000000000000000000001
0000000000000000000000000000000000000001
0000000000000000000000000000000000000001
0000000000000000000000000000000000000001
0000000000000000000000000000000000000001
0000000000000000000000000000000000000001
0000000000000000000000000000000000000001
0000000000000000000000000000000000000001
0000000000000000000000000000000000000001
0000000000000000000000000000000000000001
0000000000000000000000000000000000000001
0000000000000000000000000000000000000001
0000000000000000000000000000000000000001
0000000000000000000000000000000000000001
0000000000000000000000000000000000000001
0000000000000000000000000000000000000001
0000000000000000000000000000000000000001
0000000000000000000000000000000000000001
0000000000000000000000000000000000000001
0000000000000000000000000000000000000001
0000000000000000000000000000000000000001
0000000000000000000000000000000000000001
0000000000000000000000000000000000000001
0000000000000000000000000000000000000001
0000000000000000000000000000000000000001
0000000000000000000000000000000000000001
0000000000000000000000000000000000000001
0000000000000000000000000000000000000001
0000000000000000000000000000000000000001
0000000000000000000000000000000000000001
0000000000000000000000000000000000000001
0000000000000000000000000000000000000001
0000000000000000000000000000000000000001
0000000000000000000000000000000000000001
0000000000000000000000000000000000000001
0000000000000000000000000000000000000001
0000000000000000000000000000000000000001
0000000000000000000000000000000000000001
0000000000000000000000000000000000000001
0000000000000000000000000000000000000001
0000000000000000000000000000000000000001
0000000000000000000000000000000000000001
0000000000000000000000000000000000000001
0000000000000000000000000000000000000001
0000000000000000000000000000000000000001
0000000000000000000000000000000000000001
0000000000000000000000000000000000000001
0000000000000000000000000000000000000001
0000000000000000000000000000000000000001
0000000000000000000000000000000000000001
0000000000000000000000000000000000000001
0000000000000000000000000000000000000001
0000000000000000000000000000000000000001
0000000000000000000000000000000000000001
0000000000000000000000000000000000000001
0000000000000000000000000000000000000001
0000000000000000000000000000000000000001
0000000000000000000000000000000000000001
0000000000000000000000000000000000000001
0000000000000000000000000000000000000001
0000000000000000000000000000000000000001
0000000000000000000000000000000000000001
0000000000000000000000000000000000000001
0000000000000000000000000000000000000001
0000000000000000000000000000000000000001
0000000000000000000000000000000000000001
0000000000000000000000000000000000000001
0000000000000000000000000000000000000001
0000000000000000000000000000000000000001
0000000000000000000000000000000000000001
0000000000000000000000000000000000000001
