1111111111110010000000000010000000000001
0000000000000000000000001110001000000001
1111111111110010000000010010000000000001
0000000000001000000000001110001000000001
1111111111110010000000100010000000000001
0000000000010000000000001110001000000001
1111111111110010000000110010000000000001
0000000000011000000000001110001000000001
1111111111110010000001000010000000000001
0000000000100000000000001110001000000001
0000000000000000000000000000000000000001
0000000000101000000000001110100000000001
0000000000000000000000000000000000000001
0000000000110000000000001110100000000001
0000000000000000000000000000000000000001
0000000000111000000000001110100000000001
0000000000000000000000000000000000000001
0000000001000000000000001110100000000001
1111111111110010000001010010000000000001
0000000001001000000000001110001000000001
0000000000100001000010000010000000000001
0000000001011000000000001110001000000001
1111111111101001000010000010000000000001
0000000010110000000000001110001000000001
0000000001010001000010000010000000000001
0000000001011001000010000010001001001001
1111111111110001000010000010000000100110
0000000010110000000000001110001000000001
0000000001110001000010000010000000000001
1111111111110010100111100010001001001001
0000000001010001000010000010000000000001
0000000010010001000010000010000000100101
0000000010011000000000001110001000000001
0000000010000001000010000010000000000001
1111111111110010100111100010001001001001
0000000001010001000010000010000000000001
0000000010100001000010000010000000100101
0000000010101000000000001110001000000001
0000000010111001000010000010000000000001
0000000000000000000000000000000000000001
0000000011001000000000001111000000000001
0000000011001001000010000010000000000001
1111111111110010100111100010001001001001
0000000010110001000010000010000000000001
1111111111101001000010000010000000100101
0000000010110000000000001110001000000001
0000000001010001000010000010000000000001
0000000001011000000000001110001000100101
0000000010011010000001100010000000000001
0000000011010000000000001110001000000001
0000000011010000000000001100000000000001
0000000000111001000010000010000000000001
0000000011111000000000001110001000000001
0000000101010010000010100010000100000001
0000000101001010000010110010001100000001
0000000100001010000010100011010100000001
0000000100000010000010110010001100000001
0000000011111010000001110010001100000001
0000000011110010000010000010001100000001
0000000011101010000010010010001100000001
0000000000000000000000000000000000000001
0000000100010000000000001110001000000001
0000000101011000000000001111001000000001
0000000010101010000001100010000000000001
0000000011011000000000001110001000000001
0000000011011000000000001100000000000001
0000000000111001000010000010000000000001
0000000100101000000000001110001000000001
0000000101101010000010100010000100000001
0000000101100010000010110010001100000001
0000000100111010000010100011010100000001
0000000100110010000010110010001100000001
0000000100101010000001110010001100000001
0000000100100010000010000010001100000001
0000000100011010000010010010001100000001
0000000000000000000000000000000000000001
0000000101000000000000001110001000000001
0000000101110000000000001111001000000001
0000000001100001000010000010000000000001
0000000001110001000010000010001001000001
0000000011000000000000001110001000000001
0000000001110001000010000010000000000001
0000000011000010100111010010001000000001
0000000001111000000000001110001000000001
1111111111110001000010000010000000000001
0000000001111001000010000010001001000001
0000000010001000000000001110001000000001
0000000001111000000000001100000000000001
0000000100010111111111110010000000000001
0000000010001000000000001100000000000001
0000000101000111111111110010001000000001
0000000011100000000000001110001000000001
0000000001100001000010000010000000000001
0000000010110001000010000010001001000001
0000000000000000000000000000000000000001
0000000001101000000000001111000000000001
0000000001001001000010000010000000000001
1111111011010000000000000000001000000001
0000000001000001000010000010000000000001
1111111110000000000000000000001000000001
0000000000011001000010000010000000000001
0000000110000000000000001110001000000001
1111111111101001000010000010000000000001
0000000111011000000000001110001000000001
0000000101111001000010000010000000000001
0000000110000001000010000010001001001001
1111111111110001000010000010000000100110
0000000111011000000000001110001000000001
0000000110011001000010000010000000000001
1111111111110011001101110010001001001001
0000000101111001000010000010000000000001
0000000110111001000010000010000000100101
0000000111000000000000001110001000000001
0000000110101001000010000010000000000001
1111111111110011001101110010001001001001
0000000101111001000010000010000000000001
0000000111001001000010000010000000100101
0000000111010000000000001110001000000001
0000000111100001000010000010000000000001
0000000000000000000000000000000000000001
0000000011001000000000001111000000000001
0000000011001001000010000010000000000001
1111111111110011001101110010001001001001
0000000111011001000010000010000000000001
1111111111101001000010000010000000100101
0000000111011000000000001110001000000001
0000000101111001000010000010000000000001
0000000110000000000000001110001000100101
0000000111000010100111110010000000000001
0000000111110000000000001110001000000001
0000000111110000000000001100000000000001
0000000011100001000010000010000000000001
0000001000011000000000001110001000000001
0000001001110010101000110010000100000001
0000001001101010101001000010001100000001
0000001000101010101000110011010100000001
0000001000100010101001000010001100000001
0000001000011010101000000010001100000001
0000001000010010101000010010001100000001
0000001000001010101000100010001100000001
0000000000000000000000000000000000000001
0000001000110000000000001110001000000001
0000001001111000000000001111001000000001
0000000111010010100111110010000000000001
0000000111111000000000001110001000000001
0000000111111000000000001100000000000001
0000000011100001000010000010000000000001
0000001001001000000000001110001000000001
0000001010001010101000110010000100000001
0000001010000010101001000010001100000001
0000001001011010101000110011010100000001
0000001001010010101001000010001100000001
0000001001001010101000000010001100000001
0000001001000010101000010010001100000001
0000001000111010101000100010001100000001
0000000000000000000000000000000000000001
0000001001100000000000001110001000000001
0000001010010000000000001111001000000001
0000000110001001000010000010000000000001
0000000110011001000010000010001001000001
0000000111101000000000001110001000000001
0000000110011001000010000010000000000001
0000000111101011001101100010001000000001
0000000110100000000000001110001000000001
1111111111110001000010000010000000000001
0000000110100001000010000010001001000001
0000000110110000000000001110001000000001
0000000110100000000000001100000000000001
0000001000110111111111110010000000000001
0000000110110000000000001100000000000001
0000001001100111111111110010001000000001
0000001000000000000000001110001000000001
0000000110001001000010000010000000000001
0000000111011001000010000010001001000001
0000000000000000000000000000000000000001
0000000110010000000000001111000000000001
0000000000010001000010000010000000000001
0000001010100000000000001110001000000001
1111111111101001000010000010000000000001
0000001011111000000000001110001000000001
0000001010011001000010000010000000000001
0000001010100001000010000010001001001001
1111111111110001000010000010000000100110
0000001011111000000000001110001000000001
0000001010111001000010000010000000000001
1111111111110011110100000010001001001001
0000001010011001000010000010000000000001
0000001011011001000010000010000000100101
0000001011100000000000001110001000000001
0000001011001001000010000010000000000001
1111111111110011110100000010001001001001
0000001010011001000010000010000000000001
0000001011101001000010000010000000100101
0000001011110000000000001110001000000001
0000001100000001000010000010000000000001
0000000000000000000000000000000000000001
0000000011001000000000001111000000000001
0000000011001001000010000010000000000001
1111111111110011110100000010001001001001
0000001011111001000010000010000000000001
1111111111101001000010000010000000100101
0000001011111000000000001110001000000001
0000001010011001000010000010000000000001
0000001010100000000000001110001000100101
0000001011100011001110000010000000000001
0000001100010000000000001110001000000001
0000001100010000000000001100000000000001
0000001000000001000010000010000000000001
0000001100111000000000001110001000000001
0000001110010011001111000010000100000001
0000001110001011001111010010001100000001
0000001101001011001111000011010100000001
0000001101000011001111010010001100000001
0000001100111011001110010010001100000001
0000001100110011001110100010001100000001
0000001100101011001110110010001100000001
0000000000000000000000000000000000000001
0000001101010000000000001110001000000001
0000001110011000000000001111001000000001
0000001011110011001110000010000000000001
0000001100011000000000001110001000000001
0000001100011000000000001100000000000001
0000001000000001000010000010000000000001
0000001101101000000000001110001000000001
0000001110101011001111000010000100000001
0000001110100011001111010010001100000001
0000001101111011001111000011010100000001
0000001101110011001111010010001100000001
0000001101101011001110010010001100000001
0000001101100011001110100010001100000001
0000001101011011001110110010001100000001
0000000000000000000000000000000000000001
0000001110000000000000001110001000000001
0000001110110000000000001111001000000001
0000001010101001000010000010000000000001
0000001010111001000010000010001001000001
0000001100001000000000001110001000000001
0000001010111001000010000010000000000001
0000001100001011110011110010001000000001
0000001011000000000000001110001000000001
1111111111110001000010000010000000000001
0000001011000001000010000010001001000001
0000001011010000000000001110001000000001
0000001011000000000000001100000000000001
0000001101010111111111110010000000000001
0000001011010000000000001100000000000001
0000001110000111111111110010001000000001
0000001100100000000000001110001000000001
0000001010101001000010000010000000000001
0000001011111001000010000010001001000001
0000000000000000000000000000000000000001
0000001010110000000000001111000000000001
0000000000001001000010000010000000000001
0000001111000000000000001110001000000001
1111111111101001000010000010000000000001
0000010000011000000000001110001000000001
0000001110111001000010000010000000000001
0000001111000001000010000010001001001001
1111111111110001000010000010000000100110
0000010000011000000000001110001000000001
0000001111011001000010000010000000000001
1111111111110100011010010010001001001001
0000001110111001000010000010000000000001
0000001111111001000010000010000000100101
0000010000000000000000001110001000000001
0000001111101001000010000010000000000001
1111111111110100011010010010001001001001
0000001110111001000010000010000000000001
0000010000001001000010000010000000100101
0000010000010000000000001110001000000001
0000010000100001000010000010000000000001
0000000000000000000000000000000000000001
0000000011001000000000001111000000000001
0000000011001001000010000010000000000001
1111111111110100011010010010001001001001
0000010000011001000010000010000000000001
1111111111101001000010000010000000100101
0000010000011000000000001110001000000001
0000001110111001000010000010000000000001
0000001111000000000000001110001000100101
0000010000000011110100010010000000000001
0000010000110000000000001110001000000001
0000010000110000000000001100000000000001
0000001100100001000010000010000000000001
0000010001011000000000001110001000000001
0000010010110011110101010010000100000001
0000010010101011110101100010001100000001
0000010001101011110101010011010100000001
0000010001100011110101100010001100000001
0000010001011011110100100010001100000001
0000010001010011110100110010001100000001
0000010001001011110101000010001100000001
0000000000000000000000000000000000000001
0000010001110000000000001110001000000001
0000010010111000000000001111001000000001
0000010000010011110100010010000000000001
0000010000111000000000001110001000000001
0000010000111000000000001100000000000001
0000001100100001000010000010000000000001
0000010010001000000000001110001000000001
0000010011001011110101010010000100000001
0000010011000011110101100010001100000001
0000010010011011110101010011010100000001
0000010010010011110101100010001100000001
0000010010001011110100100010001100000001
0000010010000011110100110010001100000001
0000010001111011110101000010001100000001
0000000000000000000000000000000000000001
0000010010100000000000001110001000000001
0000010011010000000000001111001000000001
0000001111001001000010000010000000000001
0000001111011001000010000010001001000001
0000010000101000000000001110001000000001
0000001111011001000010000010000000000001
0000010000101100011010000010001000000001
0000001111100000000000001110001000000001
1111111111110001000010000010000000000001
0000001111100001000010000010001001000001
0000001111110000000000001110001000000001
0000001111100000000000001100000000000001
0000010001110111111111110010000000000001
0000001111110000000000001100000000000001
0000010010100111111111110010001000000001
0000010001000000000000001110001000000001
0000001111001001000010000010000000000001
0000010000011001000010000010001001000001
0000000000000000000000000000000000000001
0000001111010000000000001111000000000001
0000000000000001000010000010000000000001
0000010011100000000000001110001000000001
1111111111101001000010000010000000000001
0000010100111000000000001110001000000001
0000010011011001000010000010000000000001
0000010011100001000010000010001001001001
1111111111110001000010000010000000100110
0000010100111000000000001110001000000001
0000010011111001000010000010000000000001
1111111111110101000000100010001001001001
0000010011011001000010000010000000000001
0000010100011001000010000010000000100101
0000010100100000000000001110001000000001
0000010100001001000010000010000000000001
1111111111110101000000100010001001001001
0000010011011001000010000010000000000001
0000010100101001000010000010000000100101
0000010100110000000000001110001000000001
0000010101000001000010000010000000000001
0000000000000000000000000000000000000001
0000000011001000000000001111000000000001
0000000011001001000010000010000000000001
1111111111110101000000100010001001001001
0000010100111001000010000010000000000001
1111111111101001000010000010000000100101
0000010100111000000000001110001000000001
0000010011011001000010000010000000000001
0000010011100000000000001110001000100101
0000010100100100011010100010000000000001
0000010101010000000000001110001000000001
0000010101010000000000001100000000000001
0000010001000001000010000010000000000001
0000010101111000000000001110001000000001
0000010111010100011011100010000100000001
0000010111001100011011110010001100000001
0000010110001100011011100011010100000001
0000010110000100011011110010001100000001
0000010101111100011010110010001100000001
0000010101110100011011000010001100000001
0000010101101100011011010010001100000001
0000000000000000000000000000000000000001
0000010110010000000000001110001000000001
0000010111011000000000001111001000000001
0000010100110100011010100010000000000001
0000010101011000000000001110001000000001
0000010101011000000000001100000000000001
0000010001000001000010000010000000000001
0000010110101000000000001110001000000001
0000010111101100011011100010000100000001
0000010111100100011011110010001100000001
0000010110111100011011100011010100000001
0000010110110100011011110010001100000001
0000010110101100011010110010001100000001
0000010110100100011011000010001100000001
0000010110011100011011010010001100000001
0000000000000000000000000000000000000001
0000010111000000000000001110001000000001
0000010111110000000000001111001000000001
0000010011101001000010000010000000000001
0000010011111001000010000010001001000001
0000010101001000000000001110001000000001
0000010011111001000010000010000000000001
0000010101001101000000010010001000000001
0000010100000000000000001110001000000001
1111111111110001000010000010000000000001
0000010100000001000010000010001001000001
0000010100010000000000001110001000000001
0000010100000000000000001100000000000001
0000010110010111111111110010000000000001
0000010100010000000000001100000000000001
0000010111000111111111110010001000000001
0000010101100000000000001110001000000001
0000010011101001000010000010000000000001
0000010100111001000010000010001001000001
0000000000000000000000000000000000000001
0000010011110000000000001111000000000001
0000010101100001000010000010000000000001
0000000000000000000000000000000000000001
0000010111111000000000001111000000000001
0000010111111000000000001100000000000001
0000010111111111111111110010000000000001
0000000000000000000000000000000000000001
0000011010000000000000001110001000000001
0000011010001000000000001111001000000001
0000011000011001000010000010000000000001
0000011000011101001001010010001001000001
0000011010001101001001010010001000000001
0000011000001001000010000011010000000001
0000011000001101001001010010001001000001
0000011010000101001001011000001000000001
0000011010000101001001010010001000000001
0000000000000000000000000000000000000001
0000011000010000000000001110001000000001
0000011000100000000000001111001000000001
0000011010010000000000001111011000000001
0000011000111001000010000010000000001001
0000011001000000000000001110001000000001
0000011000101001000010000010000000000001
1111111111110101001001110010001001100111
0000011000110000000000001110001000000001
0000011010010001000010000010001001001001
0000011010010001000010000010000000000001
0000011000110000000000001110001000100111
1111111111110101001001100010000000000001
0000011001000000000000001110001000100111
0000000000000000000000000000000000000001
0000011001000001000010000010000000001001
1111111111111001000010000010001001000001
0000011001000000000000001110001000100110
0000011010001001000010100010000000000001
0000011010000001000010100011010000000001
0000000000000000000000000000000000000001
1111111111101001000010001000001000000001
0000000000000000000000000000000000000001
0000000000000000000000000000000000000001
0000011010011000000000001111011000000001
0000011001011001000010000010000000001001
0000011001100000000000001110001000000001
0000011001001001000010000010000000000001
1111111111110101001010010010001001100111
0000011001010000000000001110001000000001
0000011010011001000010000010001001001001
0000011010011001000010000010000000000001
0000011001010000000000001110001000100111
1111111111110101001010000010000000000001
0000011001100000000000001110001000100111
0000000000000000000000000000000000000001
0000011001100001000010000010000000001001
1111111111111001000010000010001001000001
0000011001100000000000001110001000100110
0000011000110001000010000010000000000001
0000011001010001000010000100000000001001
0000000000000000000000000000000000000001
0000011010110000000000001110001000000001
0000011010110000000000001110010000100011
0000000000000000000000000000000000000001
0000011010110001000110100010000000000001
0000000000000000000000000000000000000001
0000011010100000000000001110001000000001
0000011010101000000000001111001000000001
0000011010100000000000001100000000000001
0000000000000000000000000000000000000001
0000000000000101000001001010000100000001
1111111111100001000010000010000000000001
0000000000000101000000111010000100000001
1111111111100001000010000010001001000001
0000011001101000000000001110001000000001
0000011010101000000000001100000000000001
0000011001101111111111110010000000000001
1111111111100001000010000010001000000001
0000011001111000000000001110001000000001
0000011001111000000000001100000000000001
0000010101100111111111110010000000000001
0000011000000000000000001110001000000001
0000011000000001000010000010000000000001
1111111101111000000000000000001000000001
0000000000000000000000000000000000000001
0000000000000000000000000000000000000001
0000000000000000000000000000000000000001
0000000000000000000000000000000000000001
0000000000000000000000000000000000000001
0000000000000000000000000000000000000001
0000000000000000000000000000000000000001
0000000000000000000000000000000000000001
0000000000000000000000000000000000000001
0000000000000000000000000000000000000001
0000000000000000000000000000000000000001
0000000000000000000000000000000000000001
0000000000000000000000000000000000000001
0000000000000000000000000000000000000001
0000000000000000000000000000000000000001
0000000000000000000000000000000000000001
0000000000000000000000000000000000000001
0000000000000000000000000000000000000001
0000000000000000000000000000000000000001
0000000000000000000000000000000000000001
0000000000000000000000000000000000000001
0000000000000000000000000000000000000001
0000000000000000000000000000000000000001
0000000000000000000000000000000000000001
0000000000000000000000000000000000000001
0000000000000000000000000000000000000001
0000000000000000000000000000000000000001
0000000000000000000000000000000000000001
0000000000000000000000000000000000000001
0000000000000000000000000000000000000001
0000000000000000000000000000000000000001
0000000000000000000000000000000000000001
0000000000000000000000000000000000000001
0000000000000000000000000000000000000001
0000000000000000000000000000000000000001
0000000000000000000000000000000000000001
0000000000000000000000000000000000000001
0000000000000000000000000000000000000001
0000000000000000000000000000000000000001
0000000000000000000000000000000000000001
0000000000000000000000000000000000000001
0000000000000000000000000000000000000001
0000000000000000000000000000000000000001
0000000000000000000000000000000000000001
0000000000000000000000000000000000000001
0000000000000000000000000000000000000001
0000000000000000000000000000000000000001
0000000000000000000000000000000000000001
0000000000000000000000000000000000000001
0000000000000000000000000000000000000001
0000000000000000000000000000000000000001
0000000000000000000000000000000000000001
0000000000000000000000000000000000000001
0000000000000000000000000000000000000001
0000000000000000000000000000000000000001
0000000000000000000000000000000000000001
0000000000000000000000000000000000000001
0000000000000000000000000000000000000001
0000000000000000000000000000000000000001
0000000000000000000000000000000000000001
0000000000000000000000000000000000000001
0000000000000000000000000000000000000001
0000000000000000000000000000000000000001
0000000000000000000000000000000000000001
0000000000000000000000000000000000000001
0000000000000000000000000000000000000001
0000000000000000000000000000000000000001
0000000000000000000000000000000000000001
0000000000000000000000000000000000000001
0000000000000000000000000000000000000001
0000000000000000000000000000000000000001
0000000000000000000000000000000000000001
0000000000000000000000000000000000000001
0000000000000000000000000000000000000001
0000000000000000000000000000000000000001
0000000000000000000000000000000000000001
0000000000000000000000000000000000000001
0000000000000000000000000000000000000001
0000000000000000000000000000000000000001
0000000000000000000000000000000000000001
0000000000000000000000000000000000000001
0000000000000000000000000000000000000001
0000000000000000000000000000000000000001
0000000000000000000000000000000000000001
0000000000000000000000000000000000000001
0000000000000000000000000000000000000001
0000000000000000000000000000000000000001
0000000000000000000000000000000000000001
0000000000000000000000000000000000000001
0000000000000000000000000000000000000001
0000000000000000000000000000000000000001
0000000000000000000000000000000000000001
0000000000000000000000000000000000000001
0000000000000000000000000000000000000001
0000000000000000000000000000000000000001
0000000000000000000000000000000000000001
0000000000000000000000000000000000000001
0000000000000000000000000000000000000001
0000000000000000000000000000000000000001
0000000000000000000000000000000000000001
0000000000000000000000000000000000000001
0000000000000000000000000000000000000001
0000000000000000000000000000000000000001
0000000000000000000000000000000000000001
0000000000000000000000000000000000000001
0000000000000000000000000000000000000001
0000000000000000000000000000000000000001
0000000000000000000000000000000000000001
0000000000000000000000000000000000000001
0000000000000000000000000000000000000001
0000000000000000000000000000000000000001
0000000000000000000000000000000000000001
0000000000000000000000000000000000000001
0000000000000000000000000000000000000001
0000000000000000000000000000000000000001
0000000000000000000000000000000000000001
0000000000000000000000000000000000000001
0000000000000000000000000000000000000001
0000000000000000000000000000000000000001
0000000000000000000000000000000000000001
0000000000000000000000000000000000000001
0000000000000000000000000000000000000001
0000000000000000000000000000000000000001
0000000000000000000000000000000000000001
0000000000000000000000000000000000000001
0000000000000000000000000000000000000001
0000000000000000000000000000000000000001
0000000000000000000000000000000000000001
0000000000000000000000000000000000000001
0000000000000000000000000000000000000001
0000000000000000000000000000000000000001
0000000000000000000000000000000000000001
0000000000000000000000000000000000000001
0000000000000000000000000000000000000001
0000000000000000000000000000000000000001
0000000000000000000000000000000000000001
0000000000000000000000000000000000000001
0000000000000000000000000000000000000001
0000000000000000000000000000000000000001
0000000000000000000000000000000000000001
0000000000000000000000000000000000000001
0000000000000000000000000000000000000001
0000000000000000000000000000000000000001
0000000000000000000000000000000000000001
0000000000000000000000000000000000000001
0000000000000000000000000000000000000001
0000000000000000000000000000000000000001
0000000000000000000000000000000000000001
0000000000000000000000000000000000000001
0000000000000000000000000000000000000001
0000000000000000000000000000000000000001
0000000000000000000000000000000000000001
0000000000000000000000000000000000000001
0000000000000000000000000000000000000001
0000000000000000000000000000000000000001
0000000000000000000000000000000000000001
0000000000000000000000000000000000000001
0000000000000000000000000000000000000001
0000000000000000000000000000000000000001
0000000000000000000000000000000000000001
0000000000000000000000000000000000000001
0000000000000000000000000000000000000001
0000000000000000000000000000000000000001
0000000000000000000000000000000000000001
0000000000000000000000000000000000000001
0000000000000000000000000000000000000001
0000000000000000000000000000000000000001
0000000000000000000000000000000000000001
0000000000000000000000000000000000000001
0000000000000000000000000000000000000001
0000000000000000000000000000000000000001
0000000000000000000000000000000000000001
0000000000000000000000000000000000000001
0000000000000000000000000000000000000001
0000000000000000000000000000000000000001
0000000000000000000000000000000000000001
0000000000000000000000000000000000000001
0000000000000000000000000000000000000001
0000000000000000000000000000000000000001
0000000000000000000000000000000000000001
0000000000000000000000000000000000000001
0000000000000000000000000000000000000001
0000000000000000000000000000000000000001
0000000000000000000000000000000000000001
0000000000000000000000000000000000000001
0000000000000000000000000000000000000001
0000000000000000000000000000000000000001
0000000000000000000000000000000000000001
0000000000000000000000000000000000000001
0000000000000000000000000000000000000001
0000000000000000000000000000000000000001
0000000000000000000000000000000000000001
0000000000000000000000000000000000000001
0000000000000000000000000000000000000001
0000000000000000000000000000000000000001
0000000000000000000000000000000000000001
0000000000000000000000000000000000000001
0000000000000000000000000000000000000001
0000000000000000000000000000000000000001
0000000000000000000000000000000000000001
0000000000000000000000000000000000000001
0000000000000000000000000000000000000001
0000000000000000000000000000000000000001
0000000000000000000000000000000000000001
0000000000000000000000000000000000000001
0000000000000000000000000000000000000001
0000000000000000000000000000000000000001
0000000000000000000000000000000000000001
0000000000000000000000000000000000000001
0000000000000000000000000000000000000001
0000000000000000000000000000000000000001
0000000000000000000000000000000000000001
0000000000000000000000000000000000000001
0000000000000000000000000000000000000001
0000000000000000000000000000000000000001
0000000000000000000000000000000000000001
0000000000000000000000000000000000000001
0000000000000000000000000000000000000001
0000000000000000000000000000000000000001
0000000000000000000000000000000000000001
0000000000000000000000000000000000000001
0000000000000000000000000000000000000001
0000000000000000000000000000000000000001
0000000000000000000000000000000000000001
0000000000000000000000000000000000000001
0000000000000000000000000000000000000001
0000000000000000000000000000000000000001
0000000000000000000000000000000000000001
0000000000000000000000000000000000000001
0000000000000000000000000000000000000001
0000000000000000000000000000000000000001
0000000000000000000000000000000000000001
0000000000000000000000000000000000000001
0000000000000000000000000000000000000001
0000000000000000000000000000000000000001
0000000000000000000000000000000000000001
0000000000000000000000000000000000000001
0000000000000000000000000000000000000001
0000000000000000000000000000000000000001
0000000000000000000000000000000000000001
0000000000000000000000000000000000000001
0000000000000000000000000000000000000001
0000000000000000000000000000000000000001
0000000000000000000000000000000000000001
0000000000000000000000000000000000000001
0000000000000000000000000000000000000001
0000000000000000000000000000000000000001
0000000000000000000000000000000000000001
0000000000000000000000000000000000000001
0000000000000000000000000000000000000001
0000000000000000000000000000000000000001
0000000000000000000000000000000000000001
0000000000000000000000000000000000000001
0000000000000000000000000000000000000001
0000000000000000000000000000000000000001
0000000000000000000000000000000000000001
0000000000000000000000000000000000000001
0000000000000000000000000000000000000001
0000000000000000000000000000000000000001
0000000000000000000000000000000000000001
0000000000000000000000000000000000000001
0000000000000000000000000000000000000001
0000000000000000000000000000000000000001
0000000000000000000000000000000000000001
0000000000000000000000000000000000000001
0000000000000000000000000000000000000001
0000000000000000000000000000000000000001
0000000000000000000000000000000000000001
0000000000000000000000000000000000000001
0000000000000000000000000000000000000001
0000000000000000000000000000000000000001
0000000000000000000000000000000000000001
0000000000000000000000000000000000000001
0000000000000000000000000000000000000001
0000000000000000000000000000000000000001
0000000000000000000000000000000000000001
0000000000000000000000000000000000000001
0000000000000000000000000000000000000001
0000000000000000000000000000000000000001
0000000000000000000000000000000000000001
0000000000000000000000000000000000000001
0000000000000000000000000000000000000001
0000000000000000000000000000000000000001
0000000000000000000000000000000000000001
0000000000000000000000000000000000000001
0000000000000000000000000000000000000001
0000000000000000000000000000000000000001
0000000000000000000000000000000000000001
0000000000000000000000000000000000000001
0000000000000000000000000000000000000001
0000000000000000000000000000000000000001
0000000000000000000000000000000000000001
0000000000000000000000000000000000000001
0000000000000000000000000000000000000001
0000000000000000000000000000000000000001
0000000000000000000000000000000000000001
0000000000000000000000000000000000000001
0000000000000000000000000000000000000001
0000000000000000000000000000000000000001
0000000000000000000000000000000000000001
0000000000000000000000000000000000000001
0000000000000000000000000000000000000001
0000000000000000000000000000000000000001
0000000000000000000000000000000000000001
0000000000000000000000000000000000000001
0000000000000000000000000000000000000001
0000000000000000000000000000000000000001
0000000000000000000000000000000000000001
0000000000000000000000000000000000000001
0000000000000000000000000000000000000001
0000000000000000000000000000000000000001
0000000000000000000000000000000000000001
0000000000000000000000000000000000000001
0000000000000000000000000000000000000001
0000000000000000000000000000000000000001
0000000000000000000000000000000000000001
0000000000000000000000000000000000000001
0000000000000000000000000000000000000001
0000000000000000000000000000000000000001
0000000000000000000000000000000000000001
0000000000000000000000000000000000000001
0000000000000000000000000000000000000001
0000000000000000000000000000000000000001
0000000000000000000000000000000000000001
0000000000000000000000000000000000000001
0000000000000000000000000000000000000001
0000000000000000000000000000000000000001
0000000000000000000000000000000000000001
0000000000000000000000000000000000000001
0000000000000000000000000000000000000001
0000000000000000000000000000000000000001
0000000000000000000000000000000000000001
0000000000000000000000000000000000000001
0000000000000000000000000000000000000001
0000000000000000000000000000000000000001
0000000000000000000000000000000000000001
0000000000000000000000000000000000000001
0000000000000000000000000000000000000001
0000000000000000000000000000000000000001
0000000000000000000000000000000000000001
0000000000000000000000000000000000000001
0000000000000000000000000000000000000001
0000000000000000000000000000000000000001
0000000000000000000000000000000000000001
0000000000000000000000000000000000000001
0000000000000000000000000000000000000001
0000000000000000000000000000000000000001
0000000000000000000000000000000000000001
0000000000000000000000000000000000000001
0000000000000000000000000000000000000001
0000000000000000000000000000000000000001
0000000000000000000000000000000000000001
0000000000000000000000000000000000000001
0000000000000000000000000000000000000001
0000000000000000000000000000000000000001
0000000000000000000000000000000000000001
0000000000000000000000000000000000000001
0000000000000000000000000000000000000001
0000000000000000000000000000000000000001
0000000000000000000000000000000000000001
0000000000000000000000000000000000000001
0000000000000000000000000000000000000001
0000000000000000000000000000000000000001
0000000000000000000000000000000000000001
0000000000000000000000000000000000000001
0000000000000000000000000000000000000001
0000000000000000000000000000000000000001
0000000000000000000000000000000000000001
0000000000000000000000000000000000000001
0000000000000000000000000000000000000001
0000000000000000000000000000000000000001
0000000000000000000000000000000000000001
0000000000000000000000000000000000000001
0000000000000000000000000000000000000001
0000000000000000000000000000000000000001
0000000000000000000000000000000000000001
0000000000000000000000000000000000000001
0000000000000000000000000000000000000001
0000000000000000000000000000000000000001
0000000000000000000000000000000000000001
0000000000000000000000000000000000000001
0000000000000000000000000000000000000001
0000000000000000000000000000000000000001
0000000000000000000000000000000000000001
0000000000000000000000000000000000000001
0000000000000000000000000000000000000001
0000000000000000000000000000000000000001
0000000000000000000000000000000000000001
0000000000000000000000000000000000000001
0000000000000000000000000000000000000001
0000000000000000000000000000000000000001
0000000000000000000000000000000000000001
0000000000000000000000000000000000000001
0000000000000000000000000000000000000001
0000000000000000000000000000000000000001
0000000000000000000000000000000000000001
0000000000000000000000000000000000000001
0000000000000000000000000000000000000001
0000000000000000000000000000000000000001
0000000000000000000000000000000000000001
0000000000000000000000000000000000000001
0000000000000000000000000000000000000001
0000000000000000000000000000000000000001
0000000000000000000000000000000000000001
0000000000000000000000000000000000000001
0000000000000000000000000000000000000001
0000000000000000000000000000000000000001
0000000000000000000000000000000000000001
0000000000000000000000000000000000000001
0000000000000000000000000000000000000001
0000000000000000000000000000000000000001
0000000000000000000000000000000000000001
0000000000000000000000000000000000000001
0000000000000000000000000000000000000001
0000000000000000000000000000000000000001
0000000000000000000000000000000000000001
0000000000000000000000000000000000000001
0000000000000000000000000000000000000001
0000000000000000000000000000000000000001
0000000000000000000000000000000000000001
0000000000000000000000000000000000000001
0000000000000000000000000000000000000001
0000000000000000000000000000000000000001
0000000000000000000000000000000000000001
0000000000000000000000000000000000000001
0000000000000000000000000000000000000001
0000000000000000000000000000000000000001
0000000000000000000000000000000000000001
0000000000000000000000000000000000000001
0000000000000000000000000000000000000001
0000000000000000000000000000000000000001
0000000000000000000000000000000000000001
0000000000000000000000000000000000000001
0000000000000000000000000000000000000001
0000000000000000000000000000000000000001
0000000000000000000000000000000000000001
0000000000000000000000000000000000000001
0000000000000000000000000000000000000001
0000000000000000000000000000000000000001
0000000000000000000000000000000000000001
0000000000000000000000000000000000000001
0000000000000000000000000000000000000001
0000000000000000000000000000000000000001
0000000000000000000000000000000000000001
0000000000000000000000000000000000000001
0000000000000000000000000000000000000001
0000000000000000000000000000000000000001
0000000000000000000000000000000000000001
0000000000000000000000000000000000000001
0000000000000000000000000000000000000001
0000000000000000000000000000000000000001
0000000000000000000000000000000000000001
0000000000000000000000000000000000000001
0000000000000000000000000000000000000001
0000000000000000000000000000000000000001
0000000000000000000000000000000000000001
0000000000000000000000000000000000000001
0000000000000000000000000000000000000001
0000000000000000000000000000000000000001
0000000000000000000000000000000000000001
0000000000000000000000000000000000000001
0000000000000000000000000000000000000001
0000000000000000000000000000000000000001
0000000000000000000000000000000000000001
0000000000000000000000000000000000000001
0000000000000000000000000000000000000001
0000000000000000000000000000000000000001
0000000000000000000000000000000000000001
0000000000000000000000000000000000000001
0000000000000000000000000000000000000001
0000000000000000000000000000000000000001
0000000000000000000000000000000000000001
0000000000000000000000000000000000000001
0000000000000000000000000000000000000001
0000000000000000000000000000000000000001
0000000000000000000000000000000000000001
0000000000000000000000000000000000000001
0000000000000000000000000000000000000001
0000000000000000000000000000000000000001
0000000000000000000000000000000000000001
0000000000000000000000000000000000000001
0000000000000000000000000000000000000001
0000000000000000000000000000000000000001
0000000000000000000000000000000000000001
0000000000000000000000000000000000000001
0000000000000000000000000000000000000001
0000000000000000000000000000000000000001
0000000000000000000000000000000000000001
0000000000000000000000000000000000000001
0000000000000000000000000000000000000001
0000000000000000000000000000000000000001
0000000000000000000000000000000000000001
0000000000000000000000000000000000000001
0000000000000000000000000000000000000001
0000000000000000000000000000000000000001
0000000000000000000000000000000000000001
0000000000000000000000000000000000000001
0000000000000000000000000000000000000001
0000000000000000000000000000000000000001
0000000000000000000000000000000000000001
0000000000000000000000000000000000000001
0000000000000000000000000000000000000001
0000000000000000000000000000000000000001
0000000000000000000000000000000000000001
0000000000000000000000000000000000000001
0000000000000000000000000000000000000001
0000000000000000000000000000000000000001
0000000000000000000000000000000000000001
0000000000000000000000000000000000000001
0000000000000000000000000000000000000001
0000000000000000000000000000000000000001
0000000000000000000000000000000000000001
0000000000000000000000000000000000000001
0000000000000000000000000000000000000001
0000000000000000000000000000000000000001
0000000000000000000000000000000000000001
0000000000000000000000000000000000000001
0000000000000000000000000000000000000001
0000000000000000000000000000000000000001
0000000000000000000000000000000000000001
0000000000000000000000000000000000000001
0000000000000000000000000000000000000001
0000000000000000000000000000000000000001
0000000000000000000000000000000000000001
0000000000000000000000000000000000000001
0000000000000000000000000000000000000001
0000000000000000000000000000000000000001
0000000000000000000000000000000000000001
0000000000000000000000000000000000000001
0000000000000000000000000000000000000001
0000000000000000000000000000000000000001
0000000000000000000000000000000000000001
0000000000000000000000000000000000000001
0000000000000000000000000000000000000001
0000000000000000000000000000000000000001
0000000000000000000000000000000000000001
0000000000000000000000000000000000000001
0000000000000000000000000000000000000001
0000000000000000000000000000000000000001
0000000000000000000000000000000000000001
