1111111111110010000000000010000000000001
0000000000000000000000001110001000000001
1111111111110010000000010010000000000001
0000000000001000000000001110001000000001
1111111111110010000000100010000000000001
0000000000010000000000001110001000000001
1111111111110010000000110010000000000001
0000000000011000000000001110001000000001
1111111111110010000001000010000000000001
0000000000100000000000001110001000000001
0000000000000000000000000000000000000001
0000000000101000000000001110100000000001
0000000000000000000000000000000000000001
0000000000110000000000001110100000000001
0000000000000000000000000000000000000001
0000000000111000000000001110100000000001
0000000000000000000000000000000000000001
0000000001000000000000001110100000000001
1111111111110010000001010010000000000001
0000000001001000000000001110001000000001
0000000000100001000010000010000000000001
0000000001011000000000001110001000000001
1111111111101001000010000010000000000001
0000000010110000000000001110001000000001
0000000001010001000010000010000000000001
0000000001011001000010000010001001001001
1111111111110001000010000010000000100110
0000000010110000000000001110001000000001
0000000001110001000010000010000000000001
1111111111110010100111100010001001001001
0000000001010001000010000010000000000001
0000000010010001000010000010000000100101
0000000010011000000000001110001000000001
0000000010000001000010000010000000000001
1111111111110010100111100010001001001001
0000000001010001000010000010000000000001
0000000010100001000010000010000000100101
0000000010101000000000001110001000000001
0000000010111001000010000010000000000001
0000000000000000000000000000000000000001
0000000011001000000000001111000000000001
0000000011001001000010000010000000000001
1111111111110010100111100010001001001001
0000000010110001000010000010000000000001
1111111111101001000010000010000000100101
0000000010110000000000001110001000000001
0000000001010001000010000010000000000001
0000000001011000000000001110001000100101
0000000010011010000001100010000000000001
0000000011010000000000001110001000000001
0000000011010000000000001100000000000001
0000000000111001000010000010000000000001
0000000011111000000000001110001000000001
0000000110111010000010100010000100000001
0000000110110010000010110010001100000001
0000000100001010000010100011010100000001
0000000100000010000010110010001100000001
0000000011111010000001110010001100000001
0000000011110010000010000010001100000001
0000000011101010000010010010001100000001
0000000000000000000000000000000000000001
0000000100010000000000001110001000000001
0000000111000000000000001111001000000001
0000000001000001000010000010000000000001
0000000100110000000000001110001000000001
0000000111010010000010100010000100000001
0000000111001010000010110010001100000001
0000000101000010000010100011010100000001
0000000100111010000010110010001100000001
0000000100110010000001110010001100000001
0000000100101010000010000010001100000001
0000000100100010000010010010001100000001
0000000000000000000000000000000000000001
0000000101001000000000001110001000000001
0000000111011000000000001111001000000001
0000000010101010000001100010000000000001
0000000011011000000000001110001000000001
0000000011011000000000001100000000000001
0000000000111001000010000010000000000001
0000000101100000000000001110001000000001
0000000111101010000010100010000100000001
0000000111100010000010110010001100000001
0000000101110010000010100011010100000001
0000000101101010000010110010001100000001
0000000101100010000001110010001100000001
0000000101011010000010000010001100000001
0000000101010010000010010010001100000001
0000000000000000000000000000000000000001
0000000101111000000000001110001000000001
0000000111110000000000001111001000000001
0000000001000001000010000010000000000001
0000000110010000000000001110001000000001
0000001000000010000010100010000100000001
0000000111111010000010110010001100000001
0000000110100010000010100011010100000001
0000000110011010000010110010001100000001
0000000110010010000001110010001100000001
0000000110001010000010000010001100000001
0000000110000010000010010010001100000001
0000000000000000000000000000000000000001
0000000110101000000000001110001000000001
0000001000001000000000001111001000000001
0000000001100001000010000010000000000001
0000000001110001000010000010001001000001
0000000011000000000000001110001000000001
0000000001110001000010000010000000000001
0000000011000010100111010010001000000001
0000000001111000000000001110001000000001
1111111111110001000010000010000000000001
0000000001111001000010000010001001000001
0000000010001000000000001110001000000001
0000000001111000000000001100000000000001
0000000100010111111111110010000000000001
0000000010001000000000001100000000000001
0000000101111111111111110010001000000001
0000000011100000000000001110001000000001
0000000001111000000000001100000000000001
0000000101001111111111110010000000000001
0000000010001000000000001100000000000001
0000000110101111111111110010001000000001
0000000100011000000000001110001000000001
0000000001100001000010000010000000000001
0000000010110001000010000010001001000001
0000000000000000000000000000000000000001
0000000001101000000000001111000000000001
0000000001001001000010000010000000000001
1111111011010000000000000000001000000001
0000000000011001000010000010000000000001
0000001000011000000000001110001000000001
1111111111101001000010000010000000000001
0000001001110000000000001110001000000001
0000001000010001000010000010000000000001
0000001000011001000010000010001001001001
1111111111110001000010000010000000100110
0000001001110000000000001110001000000001
0000001000110001000010000010000000000001
1111111111110011001101110010001001001001
0000001000010001000010000010000000000001
0000001001010001000010000010000000100101
0000001001011000000000001110001000000001
0000001001000001000010000010000000000001
1111111111110011001101110010001001001001
0000001000010001000010000010000000000001
0000001001100001000010000010000000100101
0000001001101000000000001110001000000001
0000001001111001000010000010000000000001
0000000000000000000000000000000000000001
0000000011001000000000001111000000000001
0000000011001001000010000010000000000001
1111111111110011001101110010001001001001
0000001001110001000010000010000000000001
1111111111101001000010000010000000100101
0000001001110000000000001110001000000001
0000001000010001000010000010000000000001
0000001000011000000000001110001000100101
0000001001011010100111110010000000000001
0000001010001000000000001110001000000001
0000001010001000000000001100000000000001
0000000011100001000010000010000000000001
0000001010110000000000001110001000000001
0000001101110010101000110010000100000001
0000001101101010101001000010001100000001
0000001011000010101000110011010100000001
0000001010111010101001000010001100000001
0000001010110010101000000010001100000001
0000001010101010101000010010001100000001
0000001010100010101000100010001100000001
0000000000000000000000000000000000000001
0000001011001000000000001110001000000001
0000001101111000000000001111001000000001
0000000100011001000010000010000000000001
0000001011101000000000001110001000000001
0000001110001010101000110010000100000001
0000001110000010101001000010001100000001
0000001011111010101000110011010100000001
0000001011110010101001000010001100000001
0000001011101010101000000010001100000001
0000001011100010101000010010001100000001
0000001011011010101000100010001100000001
0000000000000000000000000000000000000001
0000001100000000000000001110001000000001
0000001110010000000000001111001000000001
0000001001101010100111110010000000000001
0000001010010000000000001110001000000001
0000001010010000000000001100000000000001
0000000011100001000010000010000000000001
0000001100011000000000001110001000000001
0000001110100010101000110010000100000001
0000001110011010101001000010001100000001
0000001100101010101000110011010100000001
0000001100100010101001000010001100000001
0000001100011010101000000010001100000001
0000001100010010101000010010001100000001
0000001100001010101000100010001100000001
0000000000000000000000000000000000000001
0000001100110000000000001110001000000001
0000001110101000000000001111001000000001
0000000100011001000010000010000000000001
0000001101001000000000001110001000000001
0000001110111010101000110010000100000001
0000001110110010101001000010001100000001
0000001101011010101000110011010100000001
0000001101010010101001000010001100000001
0000001101001010101000000010001100000001
0000001101000010101000010010001100000001
0000001100111010101000100010001100000001
0000000000000000000000000000000000000001
0000001101100000000000001110001000000001
0000001111000000000000001111001000000001
0000001000100001000010000010000000000001
0000001000110001000010000010001001000001
0000001010000000000000001110001000000001
0000001000110001000010000010000000000001
0000001010000011001101100010001000000001
0000001000111000000000001110001000000001
1111111111110001000010000010000000000001
0000001000111001000010000010001001000001
0000001001001000000000001110001000000001
0000001000111000000000001100000000000001
0000001011001111111111110010000000000001
0000001001001000000000001100000000000001
0000001100110111111111110010001000000001
0000001010011000000000001110001000000001
0000001000111000000000001100000000000001
0000001100000111111111110010000000000001
0000001001001000000000001100000000000001
0000001101100111111111110010001000000001
0000001011010000000000001110001000000001
0000001000100001000010000010000000000001
0000001001110001000010000010001001000001
0000000000000000000000000000000000000001
0000001000101000000000001111000000000001
0000000000010001000010000010000000000001
0000001111010000000000001110001000000001
1111111111101001000010000010000000000001
0000010000101000000000001110001000000001
0000001111001001000010000010000000000001
0000001111010001000010000010001001001001
1111111111110001000010000010000000100110
0000010000101000000000001110001000000001
0000001111101001000010000010000000000001
1111111111110011110100000010001001001001
0000001111001001000010000010000000000001
0000010000001001000010000010000000100101
0000010000010000000000001110001000000001
0000001111111001000010000010000000000001
1111111111110011110100000010001001001001
0000001111001001000010000010000000000001
0000010000011001000010000010000000100101
0000010000100000000000001110001000000001
0000010000110001000010000010000000000001
0000000000000000000000000000000000000001
0000000011001000000000001111000000000001
0000000011001001000010000010000000000001
1111111111110011110100000010001001001001
0000010000101001000010000010000000000001
1111111111101001000010000010000000100101
0000010000101000000000001110001000000001
0000001111001001000010000010000000000001
0000001111010000000000001110001000100101
0000010000010011001110000010000000000001
0000010001000000000000001110001000000001
0000010001000000000000001100000000000001
0000001010011001000010000010000000000001
0000010001101000000000001110001000000001
0000010100101011001111000010000100000001
0000010100100011001111010010001100000001
0000010001111011001111000011010100000001
0000010001110011001111010010001100000001
0000010001101011001110010010001100000001
0000010001100011001110100010001100000001
0000010001011011001110110010001100000001
0000000000000000000000000000000000000001
0000010010000000000000001110001000000001
0000010100110000000000001111001000000001
0000001011010001000010000010000000000001
0000010010100000000000001110001000000001
0000010101000011001111000010000100000001
0000010100111011001111010010001100000001
0000010010110011001111000011010100000001
0000010010101011001111010010001100000001
0000010010100011001110010010001100000001
0000010010011011001110100010001100000001
0000010010010011001110110010001100000001
0000000000000000000000000000000000000001
0000010010111000000000001110001000000001
0000010101001000000000001111001000000001
0000010000100011001110000010000000000001
0000010001001000000000001110001000000001
0000010001001000000000001100000000000001
0000001010011001000010000010000000000001
0000010011010000000000001110001000000001
0000010101011011001111000010000100000001
0000010101010011001111010010001100000001
0000010011100011001111000011010100000001
0000010011011011001111010010001100000001
0000010011010011001110010010001100000001
0000010011001011001110100010001100000001
0000010011000011001110110010001100000001
0000000000000000000000000000000000000001
0000010011101000000000001110001000000001
0000010101100000000000001111001000000001
0000001011010001000010000010000000000001
0000010100000000000000001110001000000001
0000010101110011001111000010000100000001
0000010101101011001111010010001100000001
0000010100010011001111000011010100000001
0000010100001011001111010010001100000001
0000010100000011001110010010001100000001
0000010011111011001110100010001100000001
0000010011110011001110110010001100000001
0000000000000000000000000000000000000001
0000010100011000000000001110001000000001
0000010101111000000000001111001000000001
0000001111011001000010000010000000000001
0000001111101001000010000010001001000001
0000010000111000000000001110001000000001
0000001111101001000010000010000000000001
0000010000111011110011110010001000000001
0000001111110000000000001110001000000001
1111111111110001000010000010000000000001
0000001111110001000010000010001001000001
0000010000000000000000001110001000000001
0000001111110000000000001100000000000001
0000010010000111111111110010000000000001
0000010000000000000000001100000000000001
0000010011101111111111110010001000000001
0000010001010000000000001110001000000001
0000001111110000000000001100000000000001
0000010010111111111111110010000000000001
0000010000000000000000001100000000000001
0000010100011111111111110010001000000001
0000010010001000000000001110001000000001
0000001111011001000010000010000000000001
0000010000101001000010000010001001000001
0000000000000000000000000000000000000001
0000001111100000000000001111000000000001
0000000000001001000010000010000000000001
0000010110001000000000001110001000000001
1111111111101001000010000010000000000001
0000010111100000000000001110001000000001
0000010110000001000010000010000000000001
0000010110001001000010000010001001001001
1111111111110001000010000010000000100110
0000010111100000000000001110001000000001
0000010110100001000010000010000000000001
1111111111110100011010010010001001001001
0000010110000001000010000010000000000001
0000010111000001000010000010000000100101
0000010111001000000000001110001000000001
0000010110110001000010000010000000000001
1111111111110100011010010010001001001001
0000010110000001000010000010000000000001
0000010111010001000010000010000000100101
0000010111011000000000001110001000000001
0000010111101001000010000010000000000001
0000000000000000000000000000000000000001
0000000011001000000000001111000000000001
0000000011001001000010000010000000000001
1111111111110100011010010010001001001001
0000010111100001000010000010000000000001
1111111111101001000010000010000000100101
0000010111100000000000001110001000000001
0000010110000001000010000010000000000001
0000010110001000000000001110001000100101
0000010111001011110100010010000000000001
0000010111111000000000001110001000000001
0000010111111000000000001100000000000001
0000010001010001000010000010000000000001
0000011000100000000000001110001000000001
0000011011100011110101010010000100000001
0000011011011011110101100010001100000001
0000011000110011110101010011010100000001
0000011000101011110101100010001100000001
0000011000100011110100100010001100000001
0000011000011011110100110010001100000001
0000011000010011110101000010001100000001
0000000000000000000000000000000000000001
0000011000111000000000001110001000000001
0000011011101000000000001111001000000001
0000010010001001000010000010000000000001
0000011001011000000000001110001000000001
0000011011111011110101010010000100000001
0000011011110011110101100010001100000001
0000011001101011110101010011010100000001
0000011001100011110101100010001100000001
0000011001011011110100100010001100000001
0000011001010011110100110010001100000001
0000011001001011110101000010001100000001
0000000000000000000000000000000000000001
0000011001110000000000001110001000000001
0000011100000000000000001111001000000001
0000010111011011110100010010000000000001
0000011000000000000000001110001000000001
0000011000000000000000001100000000000001
0000010001010001000010000010000000000001
0000011010001000000000001110001000000001
0000011100010011110101010010000100000001
0000011100001011110101100010001100000001
0000011010011011110101010011010100000001
0000011010010011110101100010001100000001
0000011010001011110100100010001100000001
0000011010000011110100110010001100000001
0000011001111011110101000010001100000001
0000000000000000000000000000000000000001
0000011010100000000000001110001000000001
0000011100011000000000001111001000000001
0000010010001001000010000010000000000001
0000011010111000000000001110001000000001
0000011100101011110101010010000100000001
0000011100100011110101100010001100000001
0000011011001011110101010011010100000001
0000011011000011110101100010001100000001
0000011010111011110100100010001100000001
0000011010110011110100110010001100000001
0000011010101011110101000010001100000001
0000000000000000000000000000000000000001
0000011011010000000000001110001000000001
0000011100110000000000001111001000000001
0000010110010001000010000010000000000001
0000010110100001000010000010001001000001
0000010111110000000000001110001000000001
0000010110100001000010000010000000000001
0000010111110100011010000010001000000001
0000010110101000000000001110001000000001
1111111111110001000010000010000000000001
0000010110101001000010000010001001000001
0000010110111000000000001110001000000001
0000010110101000000000001100000000000001
0000011000111111111111110010000000000001
0000010110111000000000001100000000000001
0000011010100111111111110010001000000001
0000011000001000000000001110001000000001
0000010110101000000000001100000000000001
0000011001110111111111110010000000000001
0000010110111000000000001100000000000001
0000011011010111111111110010001000000001
0000011001000000000000001110001000000001
0000010110010001000010000010000000000001
0000010111100001000010000010001001000001
0000000000000000000000000000000000000001
0000010110011000000000001111000000000001
0000000000000001000010000010000000000001
0000011101000000000000001110001000000001
1111111111101001000010000010000000000001
0000011110011000000000001110001000000001
0000011100111001000010000010000000000001
0000011101000001000010000010001001001001
1111111111110001000010000010000000100110
0000011110011000000000001110001000000001
0000011101011001000010000010000000000001
1111111111110101000000100010001001001001
0000011100111001000010000010000000000001
0000011101111001000010000010000000100101
0000011110000000000000001110001000000001
0000011101101001000010000010000000000001
1111111111110101000000100010001001001001
0000011100111001000010000010000000000001
0000011110001001000010000010000000100101
0000011110010000000000001110001000000001
0000011110100001000010000010000000000001
0000000000000000000000000000000000000001
0000000011001000000000001111000000000001
0000000011001001000010000010000000000001
1111111111110101000000100010001001001001
0000011110011001000010000010000000000001
1111111111101001000010000010000000100101
0000011110011000000000001110001000000001
0000011100111001000010000010000000000001
0000011101000000000000001110001000100101
0000011110000100011010100010000000000001
0000011110110000000000001110001000000001
0000011110110000000000001100000000000001
0000011000001001000010000010000000000001
0000011111011000000000001110001000000001
0000100010011100011011100010000100000001
0000100010010100011011110010001100000001
0000011111101100011011100011010100000001
0000011111100100011011110010001100000001
0000011111011100011010110010001100000001
0000011111010100011011000010001100000001
0000011111001100011011010010001100000001
0000000000000000000000000000000000000001
0000011111110000000000001110001000000001
0000100010100000000000001111001000000001
0000011001000001000010000010000000000001
0000100000010000000000001110001000000001
0000100010110100011011100010000100000001
0000100010101100011011110010001100000001
0000100000100100011011100011010100000001
0000100000011100011011110010001100000001
0000100000010100011010110010001100000001
0000100000001100011011000010001100000001
0000100000000100011011010010001100000001
0000000000000000000000000000000000000001
0000100000101000000000001110001000000001
0000100010111000000000001111001000000001
0000011110010100011010100010000000000001
0000011110111000000000001110001000000001
0000011110111000000000001100000000000001
0000011000001001000010000010000000000001
0000100001000000000000001110001000000001
0000100011001100011011100010000100000001
0000100011000100011011110010001100000001
0000100001010100011011100011010100000001
0000100001001100011011110010001100000001
0000100001000100011010110010001100000001
0000100000111100011011000010001100000001
0000100000110100011011010010001100000001
0000000000000000000000000000000000000001
0000100001011000000000001110001000000001
0000100011010000000000001111001000000001
0000011001000001000010000010000000000001
0000100001110000000000001110001000000001
0000100011100100011011100010000100000001
0000100011011100011011110010001100000001
0000100010000100011011100011010100000001
0000100001111100011011110010001100000001
0000100001110100011010110010001100000001
0000100001101100011011000010001100000001
0000100001100100011011010010001100000001
0000000000000000000000000000000000000001
0000100010001000000000001110001000000001
0000100011101000000000001111001000000001
0000011101001001000010000010000000000001
0000011101011001000010000010001001000001
0000011110101000000000001110001000000001
0000011101011001000010000010000000000001
0000011110101101000000010010001000000001
0000011101100000000000001110001000000001
1111111111110001000010000010000000000001
0000011101100001000010000010001001000001
0000011101110000000000001110001000000001
0000011101100000000000001100000000000001
0000011111110111111111110010000000000001
0000011101110000000000001100000000000001
0000100001011111111111110010001000000001
0000011111000000000000001110001000000001
0000011101100000000000001100000000000001
0000100000101111111111110010000000000001
0000011101110000000000001100000000000001
0000100010001111111111110010001000000001
0000011111111000000000001110001000000001
0000011101001001000010000010000000000001
0000011110011001000010000010001001000001
0000000000000000000000000000000000000001
0000011101010000000000001111000000000001
0000011111111001000010000010000000000001
0000000000000000000000000000000000000001
0000100011110000000000001111000000000001
0000011111000001000010000010000000000001
0000000000000000000000000000000000000001
0000100011111000000000001111000000000001
0000100011110001000010000100000000000001
0000100011111001000010000010000000001001
0000100011110001000010000010000000100011
0000100100000000000000001110001000000001
0000000000000000000000000000000000000001
0000100100000000000000001100000000000001
0000100100000111111111110010000000000001
0000000000000000000000000000000000000001
0000100110010000000000001110001000000001
0000100110011000000000001111001000000001
0000100100101001000010000010000000000001
0000100100101101001001010010001001000001
0000100110011101001001010010001000000001
0000100100011001000010000011010000000001
0000100100011101001001010010001001000001
0000100110010101001001011000001000000001
0000100110010101001001010010001000000001
0000000000000000000000000000000000000001
0000100100100000000000001110001000000001
0000100100110000000000001111001000000001
0000100110100000000000001111011000000001
0000100101001001000010000010000000001001
0000100101010000000000001110001000000001
0000100100111001000010000010000000000001
1111111111110101001001110010001001100111
0000100101000000000000001110001000000001
0000100110100001000010000010001001001001
0000100110100001000010000010000000000001
0000100101000000000000001110001000100111
1111111111110101001001100010000000000001
0000100101010000000000001110001000100111
0000000000000000000000000000000000000001
0000100101010001000010000010000000001001
1111111111111001000010000010001001000001
0000100101010000000000001110001000100110
0000100110011001000010100010000000000001
0000100110010001000010100011010000000001
0000000000000000000000000000000000000001
1111111111101001000010001000001000000001
0000000000000000000000000000000000000001
0000000000000000000000000000000000000001
0000100110101000000000001111011000000001
0000100101101001000010000010000000001001
0000100101110000000000001110001000000001
0000100101011001000010000010000000000001
1111111111110101001010010010001001100111
0000100101100000000000001110001000000001
0000100110101001000010000010001001001001
0000100110101001000010000010000000000001
0000100101100000000000001110001000100111
1111111111110101001010000010000000000001
0000100101110000000000001110001000100111
0000000000000000000000000000000000000001
0000100101110001000010000010000000001001
1111111111111001000010000010001001000001
0000100101110000000000001110001000100110
0000100101000001000010000010000000000001
0000100101100001000010000100000000001001
0000000000000000000000000000000000000001
0000100111000000000000001110001000000001
0000100111000000000000001110010000100011
0000000000000000000000000000000000000001
0000100111000001000110100010000000000001
0000000000000000000000000000000000000001
0000100110110000000000001110001000000001
0000100110111000000000001111001000000001
0000100110110000000000001100000000000001
0000000000000000000000000000000000000001
0000000000000101000001001010000100000001
1111111111100001000010000010000000000001
0000000000000101000000111010000100000001
1111111111100001000010000010001001000001
0000100101111000000000001110001000000001
0000100110111000000000001100000000000001
0000100101111111111111110010000000000001
1111111111100001000010000010001000000001
0000100110001000000000001110001000000001
0000100110001000000000001100000000000001
0000011111000111111111110010000000000001
0000100100001000000000001110001000000001
0000011111111111111111110010000000000001
0000100100010000000000001110001000000001
0000100100010001000010000010000000000001
1111111110000000000000000000001000000001
0000100100001001000010000010000000000001
1111111101111000000000000000001000000001
0000000000000000000000000000000000000001
0000000000000000000000000000000000000001
0000000000000000000000000000000000000001
0000000000000000000000000000000000000001
0000000000000000000000000000000000000001
0000000000000000000000000000000000000001
0000000000000000000000000000000000000001
0000000000000000000000000000000000000001
0000000000000000000000000000000000000001
0000000000000000000000000000000000000001
0000000000000000000000000000000000000001
0000000000000000000000000000000000000001
0000000000000000000000000000000000000001
0000000000000000000000000000000000000001
0000000000000000000000000000000000000001
0000000000000000000000000000000000000001
0000000000000000000000000000000000000001
0000000000000000000000000000000000000001
0000000000000000000000000000000000000001
0000000000000000000000000000000000000001
0000000000000000000000000000000000000001
0000000000000000000000000000000000000001
0000000000000000000000000000000000000001
0000000000000000000000000000000000000001
0000000000000000000000000000000000000001
0000000000000000000000000000000000000001
0000000000000000000000000000000000000001
0000000000000000000000000000000000000001
0000000000000000000000000000000000000001
0000000000000000000000000000000000000001
0000000000000000000000000000000000000001
0000000000000000000000000000000000000001
0000000000000000000000000000000000000001
0000000000000000000000000000000000000001
0000000000000000000000000000000000000001
0000000000000000000000000000000000000001
0000000000000000000000000000000000000001
0000000000000000000000000000000000000001
0000000000000000000000000000000000000001
0000000000000000000000000000000000000001
0000000000000000000000000000000000000001
0000000000000000000000000000000000000001
0000000000000000000000000000000000000001
0000000000000000000000000000000000000001
0000000000000000000000000000000000000001
0000000000000000000000000000000000000001
0000000000000000000000000000000000000001
0000000000000000000000000000000000000001
0000000000000000000000000000000000000001
0000000000000000000000000000000000000001
0000000000000000000000000000000000000001
0000000000000000000000000000000000000001
0000000000000000000000000000000000000001
0000000000000000000000000000000000000001
0000000000000000000000000000000000000001
0000000000000000000000000000000000000001
0000000000000000000000000000000000000001
0000000000000000000000000000000000000001
0000000000000000000000000000000000000001
0000000000000000000000000000000000000001
0000000000000000000000000000000000000001
0000000000000000000000000000000000000001
0000000000000000000000000000000000000001
0000000000000000000000000000000000000001
0000000000000000000000000000000000000001
0000000000000000000000000000000000000001
0000000000000000000000000000000000000001
0000000000000000000000000000000000000001
0000000000000000000000000000000000000001
0000000000000000000000000000000000000001
0000000000000000000000000000000000000001
0000000000000000000000000000000000000001
0000000000000000000000000000000000000001
0000000000000000000000000000000000000001
0000000000000000000000000000000000000001
0000000000000000000000000000000000000001
0000000000000000000000000000000000000001
0000000000000000000000000000000000000001
0000000000000000000000000000000000000001
0000000000000000000000000000000000000001
0000000000000000000000000000000000000001
0000000000000000000000000000000000000001
0000000000000000000000000000000000000001
0000000000000000000000000000000000000001
0000000000000000000000000000000000000001
0000000000000000000000000000000000000001
0000000000000000000000000000000000000001
0000000000000000000000000000000000000001
0000000000000000000000000000000000000001
0000000000000000000000000000000000000001
0000000000000000000000000000000000000001
0000000000000000000000000000000000000001
0000000000000000000000000000000000000001
0000000000000000000000000000000000000001
0000000000000000000000000000000000000001
0000000000000000000000000000000000000001
0000000000000000000000000000000000000001
0000000000000000000000000000000000000001
0000000000000000000000000000000000000001
0000000000000000000000000000000000000001
0000000000000000000000000000000000000001
0000000000000000000000000000000000000001
0000000000000000000000000000000000000001
0000000000000000000000000000000000000001
0000000000000000000000000000000000000001
0000000000000000000000000000000000000001
0000000000000000000000000000000000000001
0000000000000000000000000000000000000001
0000000000000000000000000000000000000001
0000000000000000000000000000000000000001
0000000000000000000000000000000000000001
0000000000000000000000000000000000000001
0000000000000000000000000000000000000001
0000000000000000000000000000000000000001
0000000000000000000000000000000000000001
0000000000000000000000000000000000000001
0000000000000000000000000000000000000001
0000000000000000000000000000000000000001
0000000000000000000000000000000000000001
0000000000000000000000000000000000000001
0000000000000000000000000000000000000001
0000000000000000000000000000000000000001
0000000000000000000000000000000000000001
0000000000000000000000000000000000000001
0000000000000000000000000000000000000001
0000000000000000000000000000000000000001
0000000000000000000000000000000000000001
0000000000000000000000000000000000000001
0000000000000000000000000000000000000001
0000000000000000000000000000000000000001
0000000000000000000000000000000000000001
0000000000000000000000000000000000000001
0000000000000000000000000000000000000001
0000000000000000000000000000000000000001
0000000000000000000000000000000000000001
0000000000000000000000000000000000000001
0000000000000000000000000000000000000001
0000000000000000000000000000000000000001
0000000000000000000000000000000000000001
0000000000000000000000000000000000000001
0000000000000000000000000000000000000001
0000000000000000000000000000000000000001
0000000000000000000000000000000000000001
0000000000000000000000000000000000000001
0000000000000000000000000000000000000001
0000000000000000000000000000000000000001
0000000000000000000000000000000000000001
0000000000000000000000000000000000000001
0000000000000000000000000000000000000001
0000000000000000000000000000000000000001
0000000000000000000000000000000000000001
0000000000000000000000000000000000000001
0000000000000000000000000000000000000001
0000000000000000000000000000000000000001
0000000000000000000000000000000000000001
0000000000000000000000000000000000000001
0000000000000000000000000000000000000001
0000000000000000000000000000000000000001
0000000000000000000000000000000000000001
0000000000000000000000000000000000000001
0000000000000000000000000000000000000001
0000000000000000000000000000000000000001
0000000000000000000000000000000000000001
0000000000000000000000000000000000000001
0000000000000000000000000000000000000001
0000000000000000000000000000000000000001
0000000000000000000000000000000000000001
0000000000000000000000000000000000000001
0000000000000000000000000000000000000001
0000000000000000000000000000000000000001
0000000000000000000000000000000000000001
0000000000000000000000000000000000000001
0000000000000000000000000000000000000001
0000000000000000000000000000000000000001
0000000000000000000000000000000000000001
0000000000000000000000000000000000000001
0000000000000000000000000000000000000001
0000000000000000000000000000000000000001
0000000000000000000000000000000000000001
0000000000000000000000000000000000000001
0000000000000000000000000000000000000001
0000000000000000000000000000000000000001
0000000000000000000000000000000000000001
0000000000000000000000000000000000000001
0000000000000000000000000000000000000001
0000000000000000000000000000000000000001
0000000000000000000000000000000000000001
0000000000000000000000000000000000000001
0000000000000000000000000000000000000001
0000000000000000000000000000000000000001
0000000000000000000000000000000000000001
0000000000000000000000000000000000000001
0000000000000000000000000000000000000001
0000000000000000000000000000000000000001
0000000000000000000000000000000000000001
0000000000000000000000000000000000000001
0000000000000000000000000000000000000001
0000000000000000000000000000000000000001
0000000000000000000000000000000000000001
0000000000000000000000000000000000000001
0000000000000000000000000000000000000001
0000000000000000000000000000000000000001
0000000000000000000000000000000000000001
0000000000000000000000000000000000000001
0000000000000000000000000000000000000001
0000000000000000000000000000000000000001
0000000000000000000000000000000000000001
0000000000000000000000000000000000000001
0000000000000000000000000000000000000001
0000000000000000000000000000000000000001
0000000000000000000000000000000000000001
0000000000000000000000000000000000000001
0000000000000000000000000000000000000001
0000000000000000000000000000000000000001
0000000000000000000000000000000000000001
0000000000000000000000000000000000000001
0000000000000000000000000000000000000001
0000000000000000000000000000000000000001
0000000000000000000000000000000000000001
0000000000000000000000000000000000000001
0000000000000000000000000000000000000001
0000000000000000000000000000000000000001
0000000000000000000000000000000000000001
0000000000000000000000000000000000000001
0000000000000000000000000000000000000001
0000000000000000000000000000000000000001
0000000000000000000000000000000000000001
0000000000000000000000000000000000000001
0000000000000000000000000000000000000001
0000000000000000000000000000000000000001
0000000000000000000000000000000000000001
0000000000000000000000000000000000000001
0000000000000000000000000000000000000001
0000000000000000000000000000000000000001
0000000000000000000000000000000000000001
0000000000000000000000000000000000000001
0000000000000000000000000000000000000001
0000000000000000000000000000000000000001
0000000000000000000000000000000000000001
0000000000000000000000000000000000000001
0000000000000000000000000000000000000001
0000000000000000000000000000000000000001
0000000000000000000000000000000000000001
0000000000000000000000000000000000000001
0000000000000000000000000000000000000001
0000000000000000000000000000000000000001
0000000000000000000000000000000000000001
0000000000000000000000000000000000000001
0000000000000000000000000000000000000001
0000000000000000000000000000000000000001
0000000000000000000000000000000000000001
0000000000000000000000000000000000000001
0000000000000000000000000000000000000001
0000000000000000000000000000000000000001
0000000000000000000000000000000000000001
0000000000000000000000000000000000000001
0000000000000000000000000000000000000001
0000000000000000000000000000000000000001
0000000000000000000000000000000000000001
0000000000000000000000000000000000000001
0000000000000000000000000000000000000001
0000000000000000000000000000000000000001
0000000000000000000000000000000000000001
0000000000000000000000000000000000000001
0000000000000000000000000000000000000001
0000000000000000000000000000000000000001
0000000000000000000000000000000000000001
0000000000000000000000000000000000000001
0000000000000000000000000000000000000001
0000000000000000000000000000000000000001
0000000000000000000000000000000000000001
0000000000000000000000000000000000000001
0000000000000000000000000000000000000001
0000000000000000000000000000000000000001
0000000000000000000000000000000000000001
0000000000000000000000000000000000000001
0000000000000000000000000000000000000001
0000000000000000000000000000000000000001
0000000000000000000000000000000000000001
0000000000000000000000000000000000000001
0000000000000000000000000000000000000001
0000000000000000000000000000000000000001
0000000000000000000000000000000000000001
0000000000000000000000000000000000000001
0000000000000000000000000000000000000001
0000000000000000000000000000000000000001
0000000000000000000000000000000000000001
0000000000000000000000000000000000000001
0000000000000000000000000000000000000001
0000000000000000000000000000000000000001
0000000000000000000000000000000000000001
0000000000000000000000000000000000000001
0000000000000000000000000000000000000001
0000000000000000000000000000000000000001
0000000000000000000000000000000000000001
0000000000000000000000000000000000000001
0000000000000000000000000000000000000001
0000000000000000000000000000000000000001
0000000000000000000000000000000000000001
0000000000000000000000000000000000000001
0000000000000000000000000000000000000001
0000000000000000000000000000000000000001
0000000000000000000000000000000000000001
0000000000000000000000000000000000000001
0000000000000000000000000000000000000001
0000000000000000000000000000000000000001
0000000000000000000000000000000000000001
0000000000000000000000000000000000000001
0000000000000000000000000000000000000001
0000000000000000000000000000000000000001
0000000000000000000000000000000000000001
0000000000000000000000000000000000000001
0000000000000000000000000000000000000001
0000000000000000000000000000000000000001
0000000000000000000000000000000000000001
0000000000000000000000000000000000000001
0000000000000000000000000000000000000001
0000000000000000000000000000000000000001
0000000000000000000000000000000000000001
0000000000000000000000000000000000000001
0000000000000000000000000000000000000001
0000000000000000000000000000000000000001
0000000000000000000000000000000000000001
0000000000000000000000000000000000000001
0000000000000000000000000000000000000001
0000000000000000000000000000000000000001
0000000000000000000000000000000000000001
0000000000000000000000000000000000000001
0000000000000000000000000000000000000001
0000000000000000000000000000000000000001
0000000000000000000000000000000000000001
0000000000000000000000000000000000000001
0000000000000000000000000000000000000001
0000000000000000000000000000000000000001
0000000000000000000000000000000000000001
0000000000000000000000000000000000000001
0000000000000000000000000000000000000001
0000000000000000000000000000000000000001
0000000000000000000000000000000000000001
0000000000000000000000000000000000000001
0000000000000000000000000000000000000001
0000000000000000000000000000000000000001
0000000000000000000000000000000000000001
0000000000000000000000000000000000000001
0000000000000000000000000000000000000001
0000000000000000000000000000000000000001
0000000000000000000000000000000000000001
0000000000000000000000000000000000000001
0000000000000000000000000000000000000001
0000000000000000000000000000000000000001
0000000000000000000000000000000000000001
0000000000000000000000000000000000000001
0000000000000000000000000000000000000001
0000000000000000000000000000000000000001
0000000000000000000000000000000000000001
0000000000000000000000000000000000000001
0000000000000000000000000000000000000001
0000000000000000000000000000000000000001
0000000000000000000000000000000000000001
0000000000000000000000000000000000000001
0000000000000000000000000000000000000001
0000000000000000000000000000000000000001
0000000000000000000000000000000000000001
0000000000000000000000000000000000000001
0000000000000000000000000000000000000001
0000000000000000000000000000000000000001
0000000000000000000000000000000000000001
0000000000000000000000000000000000000001
0000000000000000000000000000000000000001
0000000000000000000000000000000000000001
0000000000000000000000000000000000000001
0000000000000000000000000000000000000001
0000000000000000000000000000000000000001
0000000000000000000000000000000000000001
0000000000000000000000000000000000000001
0000000000000000000000000000000000000001
0000000000000000000000000000000000000001
0000000000000000000000000000000000000001
0000000000000000000000000000000000000001
0000000000000000000000000000000000000001
0000000000000000000000000000000000000001
0000000000000000000000000000000000000001
0000000000000000000000000000000000000001
0000000000000000000000000000000000000001
0000000000000000000000000000000000000001
