1111111111110010000000000010000000000001
0000000000000000000000001110001000000001
1111111111110010000000010010000000000001
0000000000001000000000001110001000000001
1111111111110010000000100010000000000001
0000000000010000000000001110001000000001
1111111111110010000000110010000000000001
0000000000011000000000001110001000000001
1111111111110010000001000010000000000001
0000000000100000000000001110001000000001
0000000000000000000000000000000000000001
0000000000101000000000001110100000000001
0000000000000000000000000000000000000001
0000000000110000000000001110100000000001
1111111111110010000001010010000000000001
0000000000111000000000001110001000000001
0000000000111001000010000010000000000001
1111111011010000000000000000001000000001
1111111111110010000001100010000000000001
0000000001010001000010000010001001000001
0000000001110000000000001110001000000001
0000000001100001000010000010000000000001
0000000001010001000010000011010000000001
0000000001110010000001110010001000000001
0000000001011000000000001110001000000001
0000000001011000000000001100000000000001
0000000001101000000000001111001000000001
0000000000101111111111110010000000000001
0000000001000000000000001110001000000001
0000000000110111111111110010000000000001
0000000001001000000000001110001000000001
0000000000100001000010000010000000000001
0000000010000000000000001110001000000001
1111111111101001000010000010000000000001
0000000011011000000000001110001000000001
0000000001111001000010000010000000000001
0000000010000001000010000010001001001001
1111111111110001000010000010000000100110
0000000011011000000000001110001000000001
0000000010011001000010000010000000000001
1111111111110010101000000010001001001001
0000000001111001000010000010000000000001
0000000010111001000010000010000000100101
0000000011000000000000001110001000000001
0000000010101001000010000010000000000001
1111111111110010101000000010001001001001
0000000001111001000010000010000000000001
0000000011001001000010000010000000100101
0000000011010000000000001110001000000001
0000000011100001000010000010000000000001
0000000000000000000000000000000000000001
0000000011110000000000001111000000000001
0000000011110001000010000010000000000001
1111111111110010101000000010001001001001
0000000011011001000010000010000000000001
1111111111101001000010000010000000100101
0000000011011000000000001110001000000001
0000000001111001000010000010000000000001
0000000010000000000000001110001000100101
0000000011000010000010000010000000000001
0000000011111000000000001110001000000001
0000000011111000000000001100000000000001
0000000001000001000010000010000000000001
0000000100100000000000001110001000000001
0000000111100010000011000010000100000001
0000000111011010000011010010001100000001
0000000100110010000011000011010100000001
0000000100101010000011010010001100000001
0000000100100010000010010010001100000001
0000000100011010000010100010001100000001
0000000100010010000010110010001100000001
0000000000000000000000000000000000000001
0000000100111000000000001110001000000001
0000000111101000000000001111001000000001
0000000001001001000010000010000000000001
0000000101011000000000001110001000000001
0000000111111010000011000010000100000001
0000000111110010000011010010001100000001
0000000101101010000011000011010100000001
0000000101100010000011010010001100000001
0000000101011010000010010010001100000001
0000000101010010000010100010001100000001
0000000101001010000010110010001100000001
0000000000000000000000000000000000000001
0000000101110000000000001110001000000001
0000001000000000000000001111001000000001
0000000011010010000010000010000000000001
0000000100000000000000001110001000000001
0000000100000000000000001100000000000001
0000000001000001000010000010000000000001
0000000110001000000000001110001000000001
0000001000010010000011000010000100000001
0000001000001010000011010010001100000001
0000000110011010000011000011010100000001
0000000110010010000011010010001100000001
0000000110001010000010010010001100000001
0000000110000010000010100010001100000001
0000000101111010000010110010001100000001
0000000000000000000000000000000000000001
0000000110100000000000001110001000000001
0000001000011000000000001111001000000001
0000000001001001000010000010000000000001
0000000110111000000000001110001000000001
0000001000101010000011000010000100000001
0000001000100010000011010010001100000001
0000000111001010000011000011010100000001
0000000111000010000011010010001100000001
0000000110111010000010010010001100000001
0000000110110010000010100010001100000001
0000000110101010000010110010001100000001
0000000000000000000000000000000000000001
0000000111010000000000001110001000000001
0000001000110000000000001111001000000001
0000000010001001000010000010000000000001
0000000010011001000010000010001001000001
0000000011101000000000001110001000000001
0000000010011001000010000010000000000001
0000000011101010100111110010001000000001
0000000010100000000000001110001000000001
1111111111110001000010000010000000000001
0000000010100001000010000010001001000001
0000000010110000000000001110001000000001
0000000010100000000000001100000000000001
0000000100111111111111110010000000000001
0000000010110000000000001100000000000001
0000000110100111111111110010001000000001
0000000100001000000000001110001000000001
0000000010100000000000001100000000000001
0000000101110111111111110010000000000001
0000000010110000000000001100000000000001
0000000111010111111111110010001000000001
0000000101000000000000001110001000000001
0000000010001001000010000010000000000001
0000000011011001000010000010001001000001
0000000000000000000000000000000000000001
0000000010010000000000001111000000000001
0000000000011001000010000010000000000001
0000001001000000000000001110001000000001
1111111111101001000010000010000000000001
0000001010011000000000001110001000000001
0000001000111001000010000010000000000001
0000001001000001000010000010001001001001
1111111111110001000010000010000000100110
0000001010011000000000001110001000000001
0000001001011001000010000010000000000001
1111111111110011001110010010001001001001
0000001000111001000010000010000000000001
0000001001111001000010000010000000100101
0000001010000000000000001110001000000001
0000001001101001000010000010000000000001
1111111111110011001110010010001001001001
0000001000111001000010000010000000000001
0000001010001001000010000010000000100101
0000001010010000000000001110001000000001
0000001010100001000010000010000000000001
0000000000000000000000000000000000000001
0000000011110000000000001111000000000001
0000000011110001000010000010000000000001
1111111111110011001110010010001001001001
0000001010011001000010000010000000000001
1111111111101001000010000010000000100101
0000001010011000000000001110001000000001
0000001000111001000010000010000000000001
0000001001000000000000001110001000100101
0000001010000010101000010010000000000001
0000001010110000000000001110001000000001
0000001010110000000000001100000000000001
0000000100001001000010000010000000000001
0000001011011000000000001110001000000001
0000001110011010101001010010000100000001
0000001110010010101001100010001100000001
0000001011101010101001010011010100000001
0000001011100010101001100010001100000001
0000001011011010101000100010001100000001
0000001011010010101000110010001100000001
0000001011001010101001000010001100000001
0000000000000000000000000000000000000001
0000001011110000000000001110001000000001
0000001110100000000000001111001000000001
0000000101000001000010000010000000000001
0000001100010000000000001110001000000001
0000001110110010101001010010000100000001
0000001110101010101001100010001100000001
0000001100100010101001010011010100000001
0000001100011010101001100010001100000001
0000001100010010101000100010001100000001
0000001100001010101000110010001100000001
0000001100000010101001000010001100000001
0000000000000000000000000000000000000001
0000001100101000000000001110001000000001
0000001110111000000000001111001000000001
0000001010010010101000010010000000000001
0000001010111000000000001110001000000001
0000001010111000000000001100000000000001
0000000100001001000010000010000000000001
0000001101000000000000001110001000000001
0000001111001010101001010010000100000001
0000001111000010101001100010001100000001
0000001101010010101001010011010100000001
0000001101001010101001100010001100000001
0000001101000010101000100010001100000001
0000001100111010101000110010001100000001
0000001100110010101001000010001100000001
0000000000000000000000000000000000000001
0000001101011000000000001110001000000001
0000001111010000000000001111001000000001
0000000101000001000010000010000000000001
0000001101110000000000001110001000000001
0000001111100010101001010010000100000001
0000001111011010101001100010001100000001
0000001110000010101001010011010100000001
0000001101111010101001100010001100000001
0000001101110010101000100010001100000001
0000001101101010101000110010001100000001
0000001101100010101001000010001100000001
0000000000000000000000000000000000000001
0000001110001000000000001110001000000001
0000001111101000000000001111001000000001
0000001001001001000010000010000000000001
0000001001011001000010000010001001000001
0000001010101000000000001110001000000001
0000001001011001000010000010000000000001
0000001010101011001110000010001000000001
0000001001100000000000001110001000000001
1111111111110001000010000010000000000001
0000001001100001000010000010001001000001
0000001001110000000000001110001000000001
0000001001100000000000001100000000000001
0000001011110111111111110010000000000001
0000001001110000000000001100000000000001
0000001101011111111111110010001000000001
0000001011000000000000001110001000000001
0000001001100000000000001100000000000001
0000001100101111111111110010000000000001
0000001001110000000000001100000000000001
0000001110001111111111110010001000000001
0000001011111000000000001110001000000001
0000001001001001000010000010000000000001
0000001010011001000010000010001001000001
0000000000000000000000000000000000000001
0000001001010000000000001111000000000001
0000000000010001000010000010000000000001
0000001111111000000000001110001000000001
1111111111101001000010000010000000000001
0000010001010000000000001110001000000001
0000001111110001000010000010000000000001
0000001111111001000010000010001001001001
1111111111110001000010000010000000100110
0000010001010000000000001110001000000001
0000010000010001000010000010000000000001
1111111111110011110100100010001001001001
0000001111110001000010000010000000000001
0000010000110001000010000010000000100101
0000010000111000000000001110001000000001
0000010000100001000010000010000000000001
1111111111110011110100100010001001001001
0000001111110001000010000010000000000001
0000010001000001000010000010000000100101
0000010001001000000000001110001000000001
0000010001011001000010000010000000000001
0000000000000000000000000000000000000001
0000000011110000000000001111000000000001
0000000011110001000010000010000000000001
1111111111110011110100100010001001001001
0000010001010001000010000010000000000001
1111111111101001000010000010000000100101
0000010001010000000000001110001000000001
0000001111110001000010000010000000000001
0000001111111000000000001110001000100101
0000010000111011001110100010000000000001
0000010001101000000000001110001000000001
0000010001101000000000001100000000000001
0000001011000001000010000010000000000001
0000010010010000000000001110001000000001
0000010101010011001111100010000100000001
0000010101001011001111110010001100000001
0000010010100011001111100011010100000001
0000010010011011001111110010001100000001
0000010010010011001110110010001100000001
0000010010001011001111000010001100000001
0000010010000011001111010010001100000001
0000000000000000000000000000000000000001
0000010010101000000000001110001000000001
0000010101011000000000001111001000000001
0000001011111001000010000010000000000001
0000010011001000000000001110001000000001
0000010101101011001111100010000100000001
0000010101100011001111110010001100000001
0000010011011011001111100011010100000001
0000010011010011001111110010001100000001
0000010011001011001110110010001100000001
0000010011000011001111000010001100000001
0000010010111011001111010010001100000001
0000000000000000000000000000000000000001
0000010011100000000000001110001000000001
0000010101110000000000001111001000000001
0000010001001011001110100010000000000001
0000010001110000000000001110001000000001
0000010001110000000000001100000000000001
0000001011000001000010000010000000000001
0000010011111000000000001110001000000001
0000010110000011001111100010000100000001
0000010101111011001111110010001100000001
0000010100001011001111100011010100000001
0000010100000011001111110010001100000001
0000010011111011001110110010001100000001
0000010011110011001111000010001100000001
0000010011101011001111010010001100000001
0000000000000000000000000000000000000001
0000010100010000000000001110001000000001
0000010110001000000000001111001000000001
0000001011111001000010000010000000000001
0000010100101000000000001110001000000001
0000010110011011001111100010000100000001
0000010110010011001111110010001100000001
0000010100111011001111100011010100000001
0000010100110011001111110010001100000001
0000010100101011001110110010001100000001
0000010100100011001111000010001100000001
0000010100011011001111010010001100000001
0000000000000000000000000000000000000001
0000010101000000000000001110001000000001
0000010110100000000000001111001000000001
0000010000000001000010000010000000000001
0000010000010001000010000010001001000001
0000010001100000000000001110001000000001
0000010000010001000010000010000000000001
0000010001100011110100010010001000000001
0000010000011000000000001110001000000001
1111111111110001000010000010000000000001
0000010000011001000010000010001001000001
0000010000101000000000001110001000000001
0000010000011000000000001100000000000001
0000010010101111111111110010000000000001
0000010000101000000000001100000000000001
0000010100010111111111110010001000000001
0000010001111000000000001110001000000001
0000010000011000000000001100000000000001
0000010011100111111111110010000000000001
0000010000101000000000001100000000000001
0000010101000111111111110010001000000001
0000010010110000000000001110001000000001
0000010000000001000010000010000000000001
0000010001010001000010000010001001000001
0000000000000000000000000000000000000001
0000010000001000000000001111000000000001
0000000000001001000010000010000000000001
0000010110110000000000001110001000000001
1111111111101001000010000010000000000001
0000011000001000000000001110001000000001
0000010110101001000010000010000000000001
0000010110110001000010000010001001001001
1111111111110001000010000010000000100110
0000011000001000000000001110001000000001
0000010111001001000010000010000000000001
1111111111110100011010110010001001001001
0000010110101001000010000010000000000001
0000010111101001000010000010000000100101
0000010111110000000000001110001000000001
0000010111011001000010000010000000000001
1111111111110100011010110010001001001001
0000010110101001000010000010000000000001
0000010111111001000010000010000000100101
0000011000000000000000001110001000000001
0000011000010001000010000010000000000001
0000000000000000000000000000000000000001
0000000011110000000000001111000000000001
0000000011110001000010000010000000000001
1111111111110100011010110010001001001001
0000011000001001000010000010000000000001
1111111111101001000010000010000000100101
0000011000001000000000001110001000000001
0000010110101001000010000010000000000001
0000010110110000000000001110001000100101
0000010111110011110100110010000000000001
0000011000100000000000001110001000000001
0000011000100000000000001100000000000001
0000010001111001000010000010000000000001
0000011001001000000000001110001000000001
0000011100001011110101110010000100000001
0000011100000011110110000010001100000001
0000011001011011110101110011010100000001
0000011001010011110110000010001100000001
0000011001001011110101000010001100000001
0000011001000011110101010010001100000001
0000011000111011110101100010001100000001
0000000000000000000000000000000000000001
0000011001100000000000001110001000000001
0000011100010000000000001111001000000001
0000010010110001000010000010000000000001
0000011010000000000000001110001000000001
0000011100100011110101110010000100000001
0000011100011011110110000010001100000001
0000011010010011110101110011010100000001
0000011010001011110110000010001100000001
0000011010000011110101000010001100000001
0000011001111011110101010010001100000001
0000011001110011110101100010001100000001
0000000000000000000000000000000000000001
0000011010011000000000001110001000000001
0000011100101000000000001111001000000001
0000011000000011110100110010000000000001
0000011000101000000000001110001000000001
0000011000101000000000001100000000000001
0000010001111001000010000010000000000001
0000011010110000000000001110001000000001
0000011100111011110101110010000100000001
0000011100110011110110000010001100000001
0000011011000011110101110011010100000001
0000011010111011110110000010001100000001
0000011010110011110101000010001100000001
0000011010101011110101010010001100000001
0000011010100011110101100010001100000001
0000000000000000000000000000000000000001
0000011011001000000000001110001000000001
0000011101000000000000001111001000000001
0000010010110001000010000010000000000001
0000011011100000000000001110001000000001
0000011101010011110101110010000100000001
0000011101001011110110000010001100000001
0000011011110011110101110011010100000001
0000011011101011110110000010001100000001
0000011011100011110101000010001100000001
0000011011011011110101010010001100000001
0000011011010011110101100010001100000001
0000000000000000000000000000000000000001
0000011011111000000000001110001000000001
0000011101011000000000001111001000000001
0000010110111001000010000010000000000001
0000010111001001000010000010001001000001
0000011000011000000000001110001000000001
0000010111001001000010000010000000000001
0000011000011100011010100010001000000001
0000010111010000000000001110001000000001
1111111111110001000010000010000000000001
0000010111010001000010000010001001000001
0000010111100000000000001110001000000001
0000010111010000000000001100000000000001
0000011001100111111111110010000000000001
0000010111100000000000001100000000000001
0000011011001111111111110010001000000001
0000011000110000000000001110001000000001
0000010111010000000000001100000000000001
0000011010011111111111110010000000000001
0000010111100000000000001100000000000001
0000011011111111111111110010001000000001
0000011001101000000000001110001000000001
0000010110111001000010000010000000000001
0000011000001001000010000010001001000001
0000000000000000000000000000000000000001
0000010111000000000000001111000000000001
0000000000000001000010000010000000000001
0000011101101000000000001110001000000001
1111111111101001000010000010000000000001
0000011111000000000000001110001000000001
0000011101100001000010000010000000000001
0000011101101001000010000010001001001001
1111111111110001000010000010000000100110
0000011111000000000000001110001000000001
0000011110000001000010000010000000000001
1111111111110101000001000010001001001001
0000011101100001000010000010000000000001
0000011110100001000010000010000000100101
0000011110101000000000001110001000000001
0000011110010001000010000010000000000001
1111111111110101000001000010001001001001
0000011101100001000010000010000000000001
0000011110110001000010000010000000100101
0000011110111000000000001110001000000001
0000011111001001000010000010000000000001
0000000000000000000000000000000000000001
0000000011110000000000001111000000000001
0000000011110001000010000010000000000001
1111111111110101000001000010001001001001
0000011111000001000010000010000000000001
1111111111101001000010000010000000100101
0000011111000000000000001110001000000001
0000011101100001000010000010000000000001
0000011101101000000000001110001000100101
0000011110101100011011000010000000000001
0000011111011000000000001110001000000001
0000011111011000000000001100000000000001
0000011000110001000010000010000000000001
0000100000000000000000001110001000000001
0000100011000100011100000010000100000001
0000100010111100011100010010001100000001
0000100000010100011100000011010100000001
0000100000001100011100010010001100000001
0000100000000100011011010010001100000001
0000011111111100011011100010001100000001
0000011111110100011011110010001100000001
0000000000000000000000000000000000000001
0000100000011000000000001110001000000001
0000100011001000000000001111001000000001
0000011001101001000010000010000000000001
0000100000111000000000001110001000000001
0000100011011100011100000010000100000001
0000100011010100011100010010001100000001
0000100001001100011100000011010100000001
0000100001000100011100010010001100000001
0000100000111100011011010010001100000001
0000100000110100011011100010001100000001
0000100000101100011011110010001100000001
0000000000000000000000000000000000000001
0000100001010000000000001110001000000001
0000100011100000000000001111001000000001
0000011110111100011011000010000000000001
0000011111100000000000001110001000000001
0000011111100000000000001100000000000001
0000011000110001000010000010000000000001
0000100001101000000000001110001000000001
0000100011110100011100000010000100000001
0000100011101100011100010010001100000001
0000100001111100011100000011010100000001
0000100001110100011100010010001100000001
0000100001101100011011010010001100000001
0000100001100100011011100010001100000001
0000100001011100011011110010001100000001
0000000000000000000000000000000000000001
0000100010000000000000001110001000000001
0000100011111000000000001111001000000001
0000011001101001000010000010000000000001
0000100010011000000000001110001000000001
0000100100001100011100000010000100000001
0000100100000100011100010010001100000001
0000100010101100011100000011010100000001
0000100010100100011100010010001100000001
0000100010011100011011010010001100000001
0000100010010100011011100010001100000001
0000100010001100011011110010001100000001
0000000000000000000000000000000000000001
0000100010110000000000001110001000000001
0000100100010000000000001111001000000001
0000011101110001000010000010000000000001
0000011110000001000010000010001001000001
0000011111010000000000001110001000000001
0000011110000001000010000010000000000001
0000011111010101000000110010001000000001
0000011110001000000000001110001000000001
1111111111110001000010000010000000000001
0000011110001001000010000010001001000001
0000011110011000000000001110001000000001
0000011110001000000000001100000000000001
0000100000011111111111110010000000000001
0000011110011000000000001100000000000001
0000100010000111111111110010001000000001
0000011111101000000000001110001000000001
0000011110001000000000001100000000000001
0000100001010111111111110010000000000001
0000011110011000000000001100000000000001
0000100010110111111111110010001000000001
0000100000100000000000001110001000000001
0000011101110001000010000010000000000001
0000011111000001000010000010001001000001
0000000000000000000000000000000000000001
0000011101111000000000001111000000000001
0000011111101001000010000010000000000001
1111111100101000000000000000001000000001
0000100000100001000010000010000000000001
1111111100110000000000000000001000000001
0000000000000000000000000000000000000001
0000000000000000000000000000000000000001
0000000000000000000000000000000000000001
0000000000000000000000000000000000000001
0000000000000000000000000000000000000001
0000000000000000000000000000000000000001
0000000000000000000000000000000000000001
0000000000000000000000000000000000000001
0000000000000000000000000000000000000001
0000000000000000000000000000000000000001
0000000000000000000000000000000000000001
0000000000000000000000000000000000000001
0000000000000000000000000000000000000001
0000000000000000000000000000000000000001
0000000000000000000000000000000000000001
0000000000000000000000000000000000000001
0000000000000000000000000000000000000001
0000000000000000000000000000000000000001
0000000000000000000000000000000000000001
0000000000000000000000000000000000000001
0000000000000000000000000000000000000001
0000000000000000000000000000000000000001
0000000000000000000000000000000000000001
0000000000000000000000000000000000000001
0000000000000000000000000000000000000001
0000000000000000000000000000000000000001
0000000000000000000000000000000000000001
0000000000000000000000000000000000000001
0000000000000000000000000000000000000001
0000000000000000000000000000000000000001
0000000000000000000000000000000000000001
0000000000000000000000000000000000000001
0000000000000000000000000000000000000001
0000000000000000000000000000000000000001
0000000000000000000000000000000000000001
0000000000000000000000000000000000000001
0000000000000000000000000000000000000001
0000000000000000000000000000000000000001
0000000000000000000000000000000000000001
0000000000000000000000000000000000000001
0000000000000000000000000000000000000001
0000000000000000000000000000000000000001
0000000000000000000000000000000000000001
0000000000000000000000000000000000000001
0000000000000000000000000000000000000001
0000000000000000000000000000000000000001
0000000000000000000000000000000000000001
0000000000000000000000000000000000000001
0000000000000000000000000000000000000001
0000000000000000000000000000000000000001
0000000000000000000000000000000000000001
0000000000000000000000000000000000000001
0000000000000000000000000000000000000001
0000000000000000000000000000000000000001
0000000000000000000000000000000000000001
0000000000000000000000000000000000000001
0000000000000000000000000000000000000001
0000000000000000000000000000000000000001
0000000000000000000000000000000000000001
0000000000000000000000000000000000000001
0000000000000000000000000000000000000001
0000000000000000000000000000000000000001
0000000000000000000000000000000000000001
0000000000000000000000000000000000000001
0000000000000000000000000000000000000001
0000000000000000000000000000000000000001
0000000000000000000000000000000000000001
0000000000000000000000000000000000000001
0000000000000000000000000000000000000001
0000000000000000000000000000000000000001
0000000000000000000000000000000000000001
0000000000000000000000000000000000000001
0000000000000000000000000000000000000001
0000000000000000000000000000000000000001
0000000000000000000000000000000000000001
0000000000000000000000000000000000000001
0000000000000000000000000000000000000001
0000000000000000000000000000000000000001
0000000000000000000000000000000000000001
0000000000000000000000000000000000000001
0000000000000000000000000000000000000001
0000000000000000000000000000000000000001
0000000000000000000000000000000000000001
0000000000000000000000000000000000000001
0000000000000000000000000000000000000001
0000000000000000000000000000000000000001
0000000000000000000000000000000000000001
0000000000000000000000000000000000000001
0000000000000000000000000000000000000001
0000000000000000000000000000000000000001
0000000000000000000000000000000000000001
0000000000000000000000000000000000000001
0000000000000000000000000000000000000001
0000000000000000000000000000000000000001
0000000000000000000000000000000000000001
0000000000000000000000000000000000000001
0000000000000000000000000000000000000001
0000000000000000000000000000000000000001
0000000000000000000000000000000000000001
0000000000000000000000000000000000000001
0000000000000000000000000000000000000001
0000000000000000000000000000000000000001
0000000000000000000000000000000000000001
0000000000000000000000000000000000000001
0000000000000000000000000000000000000001
0000000000000000000000000000000000000001
0000000000000000000000000000000000000001
0000000000000000000000000000000000000001
0000000000000000000000000000000000000001
0000000000000000000000000000000000000001
0000000000000000000000000000000000000001
0000000000000000000000000000000000000001
0000000000000000000000000000000000000001
0000000000000000000000000000000000000001
0000000000000000000000000000000000000001
0000000000000000000000000000000000000001
0000000000000000000000000000000000000001
0000000000000000000000000000000000000001
0000000000000000000000000000000000000001
0000000000000000000000000000000000000001
0000000000000000000000000000000000000001
0000000000000000000000000000000000000001
0000000000000000000000000000000000000001
0000000000000000000000000000000000000001
0000000000000000000000000000000000000001
0000000000000000000000000000000000000001
0000000000000000000000000000000000000001
0000000000000000000000000000000000000001
0000000000000000000000000000000000000001
0000000000000000000000000000000000000001
0000000000000000000000000000000000000001
0000000000000000000000000000000000000001
0000000000000000000000000000000000000001
0000000000000000000000000000000000000001
0000000000000000000000000000000000000001
0000000000000000000000000000000000000001
0000000000000000000000000000000000000001
0000000000000000000000000000000000000001
0000000000000000000000000000000000000001
0000000000000000000000000000000000000001
0000000000000000000000000000000000000001
0000000000000000000000000000000000000001
0000000000000000000000000000000000000001
0000000000000000000000000000000000000001
0000000000000000000000000000000000000001
0000000000000000000000000000000000000001
0000000000000000000000000000000000000001
0000000000000000000000000000000000000001
0000000000000000000000000000000000000001
0000000000000000000000000000000000000001
0000000000000000000000000000000000000001
0000000000000000000000000000000000000001
0000000000000000000000000000000000000001
0000000000000000000000000000000000000001
0000000000000000000000000000000000000001
0000000000000000000000000000000000000001
0000000000000000000000000000000000000001
0000000000000000000000000000000000000001
0000000000000000000000000000000000000001
0000000000000000000000000000000000000001
0000000000000000000000000000000000000001
0000000000000000000000000000000000000001
0000000000000000000000000000000000000001
0000000000000000000000000000000000000001
0000000000000000000000000000000000000001
0000000000000000000000000000000000000001
0000000000000000000000000000000000000001
0000000000000000000000000000000000000001
0000000000000000000000000000000000000001
0000000000000000000000000000000000000001
0000000000000000000000000000000000000001
0000000000000000000000000000000000000001
0000000000000000000000000000000000000001
0000000000000000000000000000000000000001
0000000000000000000000000000000000000001
0000000000000000000000000000000000000001
0000000000000000000000000000000000000001
0000000000000000000000000000000000000001
0000000000000000000000000000000000000001
0000000000000000000000000000000000000001
0000000000000000000000000000000000000001
0000000000000000000000000000000000000001
0000000000000000000000000000000000000001
0000000000000000000000000000000000000001
0000000000000000000000000000000000000001
0000000000000000000000000000000000000001
0000000000000000000000000000000000000001
0000000000000000000000000000000000000001
0000000000000000000000000000000000000001
0000000000000000000000000000000000000001
0000000000000000000000000000000000000001
0000000000000000000000000000000000000001
0000000000000000000000000000000000000001
0000000000000000000000000000000000000001
0000000000000000000000000000000000000001
0000000000000000000000000000000000000001
0000000000000000000000000000000000000001
0000000000000000000000000000000000000001
0000000000000000000000000000000000000001
0000000000000000000000000000000000000001
0000000000000000000000000000000000000001
0000000000000000000000000000000000000001
0000000000000000000000000000000000000001
0000000000000000000000000000000000000001
0000000000000000000000000000000000000001
0000000000000000000000000000000000000001
0000000000000000000000000000000000000001
0000000000000000000000000000000000000001
0000000000000000000000000000000000000001
0000000000000000000000000000000000000001
0000000000000000000000000000000000000001
0000000000000000000000000000000000000001
0000000000000000000000000000000000000001
0000000000000000000000000000000000000001
0000000000000000000000000000000000000001
0000000000000000000000000000000000000001
0000000000000000000000000000000000000001
0000000000000000000000000000000000000001
0000000000000000000000000000000000000001
0000000000000000000000000000000000000001
0000000000000000000000000000000000000001
0000000000000000000000000000000000000001
0000000000000000000000000000000000000001
0000000000000000000000000000000000000001
0000000000000000000000000000000000000001
0000000000000000000000000000000000000001
0000000000000000000000000000000000000001
0000000000000000000000000000000000000001
0000000000000000000000000000000000000001
0000000000000000000000000000000000000001
0000000000000000000000000000000000000001
0000000000000000000000000000000000000001
0000000000000000000000000000000000000001
0000000000000000000000000000000000000001
0000000000000000000000000000000000000001
0000000000000000000000000000000000000001
0000000000000000000000000000000000000001
0000000000000000000000000000000000000001
0000000000000000000000000000000000000001
0000000000000000000000000000000000000001
0000000000000000000000000000000000000001
0000000000000000000000000000000000000001
0000000000000000000000000000000000000001
0000000000000000000000000000000000000001
0000000000000000000000000000000000000001
0000000000000000000000000000000000000001
0000000000000000000000000000000000000001
0000000000000000000000000000000000000001
0000000000000000000000000000000000000001
0000000000000000000000000000000000000001
0000000000000000000000000000000000000001
0000000000000000000000000000000000000001
0000000000000000000000000000000000000001
0000000000000000000000000000000000000001
0000000000000000000000000000000000000001
0000000000000000000000000000000000000001
0000000000000000000000000000000000000001
0000000000000000000000000000000000000001
0000000000000000000000000000000000000001
0000000000000000000000000000000000000001
0000000000000000000000000000000000000001
0000000000000000000000000000000000000001
0000000000000000000000000000000000000001
0000000000000000000000000000000000000001
0000000000000000000000000000000000000001
0000000000000000000000000000000000000001
0000000000000000000000000000000000000001
0000000000000000000000000000000000000001
0000000000000000000000000000000000000001
0000000000000000000000000000000000000001
0000000000000000000000000000000000000001
0000000000000000000000000000000000000001
0000000000000000000000000000000000000001
0000000000000000000000000000000000000001
0000000000000000000000000000000000000001
0000000000000000000000000000000000000001
0000000000000000000000000000000000000001
0000000000000000000000000000000000000001
0000000000000000000000000000000000000001
0000000000000000000000000000000000000001
0000000000000000000000000000000000000001
0000000000000000000000000000000000000001
0000000000000000000000000000000000000001
0000000000000000000000000000000000000001
0000000000000000000000000000000000000001
0000000000000000000000000000000000000001
0000000000000000000000000000000000000001
0000000000000000000000000000000000000001
0000000000000000000000000000000000000001
0000000000000000000000000000000000000001
0000000000000000000000000000000000000001
0000000000000000000000000000000000000001
0000000000000000000000000000000000000001
0000000000000000000000000000000000000001
0000000000000000000000000000000000000001
0000000000000000000000000000000000000001
0000000000000000000000000000000000000001
0000000000000000000000000000000000000001
0000000000000000000000000000000000000001
0000000000000000000000000000000000000001
0000000000000000000000000000000000000001
0000000000000000000000000000000000000001
0000000000000000000000000000000000000001
0000000000000000000000000000000000000001
0000000000000000000000000000000000000001
0000000000000000000000000000000000000001
0000000000000000000000000000000000000001
0000000000000000000000000000000000000001
0000000000000000000000000000000000000001
0000000000000000000000000000000000000001
0000000000000000000000000000000000000001
0000000000000000000000000000000000000001
0000000000000000000000000000000000000001
0000000000000000000000000000000000000001
0000000000000000000000000000000000000001
0000000000000000000000000000000000000001
0000000000000000000000000000000000000001
0000000000000000000000000000000000000001
0000000000000000000000000000000000000001
0000000000000000000000000000000000000001
0000000000000000000000000000000000000001
0000000000000000000000000000000000000001
0000000000000000000000000000000000000001
0000000000000000000000000000000000000001
0000000000000000000000000000000000000001
0000000000000000000000000000000000000001
0000000000000000000000000000000000000001
0000000000000000000000000000000000000001
0000000000000000000000000000000000000001
0000000000000000000000000000000000000001
0000000000000000000000000000000000000001
0000000000000000000000000000000000000001
0000000000000000000000000000000000000001
0000000000000000000000000000000000000001
0000000000000000000000000000000000000001
0000000000000000000000000000000000000001
0000000000000000000000000000000000000001
0000000000000000000000000000000000000001
0000000000000000000000000000000000000001
0000000000000000000000000000000000000001
0000000000000000000000000000000000000001
0000000000000000000000000000000000000001
0000000000000000000000000000000000000001
0000000000000000000000000000000000000001
0000000000000000000000000000000000000001
0000000000000000000000000000000000000001
0000000000000000000000000000000000000001
0000000000000000000000000000000000000001
0000000000000000000000000000000000000001
0000000000000000000000000000000000000001
0000000000000000000000000000000000000001
0000000000000000000000000000000000000001
0000000000000000000000000000000000000001
0000000000000000000000000000000000000001
0000000000000000000000000000000000000001
0000000000000000000000000000000000000001
0000000000000000000000000000000000000001
0000000000000000000000000000000000000001
0000000000000000000000000000000000000001
0000000000000000000000000000000000000001
0000000000000000000000000000000000000001
0000000000000000000000000000000000000001
0000000000000000000000000000000000000001
0000000000000000000000000000000000000001
0000000000000000000000000000000000000001
0000000000000000000000000000000000000001
0000000000000000000000000000000000000001
0000000000000000000000000000000000000001
0000000000000000000000000000000000000001
0000000000000000000000000000000000000001
0000000000000000000000000000000000000001
0000000000000000000000000000000000000001
0000000000000000000000000000000000000001
0000000000000000000000000000000000000001
0000000000000000000000000000000000000001
0000000000000000000000000000000000000001
0000000000000000000000000000000000000001
0000000000000000000000000000000000000001
0000000000000000000000000000000000000001
0000000000000000000000000000000000000001
0000000000000000000000000000000000000001
0000000000000000000000000000000000000001
0000000000000000000000000000000000000001
0000000000000000000000000000000000000001
0000000000000000000000000000000000000001
0000000000000000000000000000000000000001
0000000000000000000000000000000000000001
0000000000000000000000000000000000000001
0000000000000000000000000000000000000001
0000000000000000000000000000000000000001
0000000000000000000000000000000000000001
0000000000000000000000000000000000000001
0000000000000000000000000000000000000001
0000000000000000000000000000000000000001
0000000000000000000000000000000000000001
0000000000000000000000000000000000000001
0000000000000000000000000000000000000001
0000000000000000000000000000000000000001
0000000000000000000000000000000000000001
0000000000000000000000000000000000000001
0000000000000000000000000000000000000001
0000000000000000000000000000000000000001
0000000000000000000000000000000000000001
0000000000000000000000000000000000000001
0000000000000000000000000000000000000001
0000000000000000000000000000000000000001
0000000000000000000000000000000000000001
0000000000000000000000000000000000000001
0000000000000000000000000000000000000001
0000000000000000000000000000000000000001
0000000000000000000000000000000000000001
0000000000000000000000000000000000000001
0000000000000000000000000000000000000001
0000000000000000000000000000000000000001
0000000000000000000000000000000000000001
0000000000000000000000000000000000000001
0000000000000000000000000000000000000001
0000000000000000000000000000000000000001
0000000000000000000000000000000000000001
0000000000000000000000000000000000000001
0000000000000000000000000000000000000001
0000000000000000000000000000000000000001
0000000000000000000000000000000000000001
0000000000000000000000000000000000000001
0000000000000000000000000000000000000001
0000000000000000000000000000000000000001
0000000000000000000000000000000000000001
0000000000000000000000000000000000000001
0000000000000000000000000000000000000001
0000000000000000000000000000000000000001
0000000000000000000000000000000000000001
0000000000000000000000000000000000000001
0000000000000000000000000000000000000001
0000000000000000000000000000000000000001
0000000000000000000000000000000000000001
0000000000000000000000000000000000000001
0000000000000000000000000000000000000001
0000000000000000000000000000000000000001
0000000000000000000000000000000000000001
0000000000000000000000000000000000000001
0000000000000000000000000000000000000001
0000000000000000000000000000000000000001
0000000000000000000000000000000000000001
0000000000000000000000000000000000000001
0000000000000000000000000000000000000001
0000000000000000000000000000000000000001
0000000000000000000000000000000000000001
0000000000000000000000000000000000000001
0000000000000000000000000000000000000001
0000000000000000000000000000000000000001
0000000000000000000000000000000000000001
0000000000000000000000000000000000000001
0000000000000000000000000000000000000001
0000000000000000000000000000000000000001
0000000000000000000000000000000000000001
0000000000000000000000000000000000000001
0000000000000000000000000000000000000001
0000000000000000000000000000000000000001
0000000000000000000000000000000000000001
0000000000000000000000000000000000000001
0000000000000000000000000000000000000001
0000000000000000000000000000000000000001
0000000000000000000000000000000000000001
0000000000000000000000000000000000000001
